GDC_Aliquot	Chromosome	Start	End	Num_Probes	Segment_Mean
202ac47a-e3e8-4cc3-aeb3-a72813434fc1	1	62920	3302359	735	-0.1137
202ac47a-e3e8-4cc3-aeb3-a72813434fc1	1	3303537	4732594	1019	0.0051
202ac47a-e3e8-4cc3-aeb3-a72813434fc1	1	4733520	4737438	4	-1.0915
202ac47a-e3e8-4cc3-aeb3-a72813434fc1	1	4737961	15364031	6310	0.0163
202ac47a-e3e8-4cc3-aeb3-a72813434fc1	1	15365044	15367550	2	-1.4712
202ac47a-e3e8-4cc3-aeb3-a72813434fc1	1	15369563	15666843	166	0.0164
202ac47a-e3e8-4cc3-aeb3-a72813434fc1	1	15666877	15827002	89	-0.1128
202ac47a-e3e8-4cc3-aeb3-a72813434fc1	1	15827041	15827430	5	-2.6606
202ac47a-e3e8-4cc3-aeb3-a72813434fc1	1	15827706	16041638	90	-0.0199
202ac47a-e3e8-4cc3-aeb3-a72813434fc1	1	16041908	16052921	5	-0.8705
202ac47a-e3e8-4cc3-aeb3-a72813434fc1	1	16063071	16636818	222	0.0503
202ac47a-e3e8-4cc3-aeb3-a72813434fc1	1	16637050	16643961	15	-0.5088
202ac47a-e3e8-4cc3-aeb3-a72813434fc1	1	16679239	16863509	27	-0.0274
202ac47a-e3e8-4cc3-aeb3-a72813434fc1	1	16864367	16935737	53	0.387
202ac47a-e3e8-4cc3-aeb3-a72813434fc1	1	16935752	18941435	1474	0
202ac47a-e3e8-4cc3-aeb3-a72813434fc1	1	18947311	18948277	2	-1.5184
202ac47a-e3e8-4cc3-aeb3-a72813434fc1	1	18949551	25003261	3589	0.006
202ac47a-e3e8-4cc3-aeb3-a72813434fc1	1	25003287	25003500	2	-1.7726
202ac47a-e3e8-4cc3-aeb3-a72813434fc1	1	25005094	30265657	2603	0.0194
202ac47a-e3e8-4cc3-aeb3-a72813434fc1	1	30265687	30266949	4	-1.2336
202ac47a-e3e8-4cc3-aeb3-a72813434fc1	1	30268649	30708792	368	0.0256
202ac47a-e3e8-4cc3-aeb3-a72813434fc1	1	30708966	30778851	49	-0.3301
202ac47a-e3e8-4cc3-aeb3-a72813434fc1	1	30789158	105459522	46899	0.0144
202ac47a-e3e8-4cc3-aeb3-a72813434fc1	1	105459540	105481448	22	0.6991
202ac47a-e3e8-4cc3-aeb3-a72813434fc1	1	105481468	109684893	2631	0.0149
202ac47a-e3e8-4cc3-aeb3-a72813434fc1	1	109690352	109697556	13	-0.5376
202ac47a-e3e8-4cc3-aeb3-a72813434fc1	1	109702376	112147704	1947	0.0119
202ac47a-e3e8-4cc3-aeb3-a72813434fc1	1	112153343	112163518	32	-0.4791
202ac47a-e3e8-4cc3-aeb3-a72813434fc1	1	112163527	121538468	5119	0.007
202ac47a-e3e8-4cc3-aeb3-a72813434fc1	1	121539177	121548436	6	-0.817
202ac47a-e3e8-4cc3-aeb3-a72813434fc1	1	121549282	121593930	17	-0.1079
202ac47a-e3e8-4cc3-aeb3-a72813434fc1	1	121597150	145642990	150	0.2277
202ac47a-e3e8-4cc3-aeb3-a72813434fc1	1	145664420	152583051	2295	0.0218
202ac47a-e3e8-4cc3-aeb3-a72813434fc1	1	152583230	152614064	33	-0.8913
202ac47a-e3e8-4cc3-aeb3-a72813434fc1	1	152614100	152789447	170	0.0254
202ac47a-e3e8-4cc3-aeb3-a72813434fc1	1	152789463	152795487	30	-0.3631
202ac47a-e3e8-4cc3-aeb3-a72813434fc1	1	152795783	174827267	14808	0.0158
202ac47a-e3e8-4cc3-aeb3-a72813434fc1	1	174827418	174832702	16	-0.7802
202ac47a-e3e8-4cc3-aeb3-a72813434fc1	1	174832716	187746723	8668	0.014
202ac47a-e3e8-4cc3-aeb3-a72813434fc1	1	187748429	187752238	2	-2.3347
202ac47a-e3e8-4cc3-aeb3-a72813434fc1	1	187755479	196745743	5969	0.0211
202ac47a-e3e8-4cc3-aeb3-a72813434fc1	1	196758720	196762956	4	1.3734
202ac47a-e3e8-4cc3-aeb3-a72813434fc1	1	196769493	196855470	63	0.3114
202ac47a-e3e8-4cc3-aeb3-a72813434fc1	1	196858725	197925325	565	0.0287
202ac47a-e3e8-4cc3-aeb3-a72813434fc1	1	197925418	197928095	4	-1.7394
202ac47a-e3e8-4cc3-aeb3-a72813434fc1	1	197928366	248930189	35208	0.0145
202ac47a-e3e8-4cc3-aeb3-a72813434fc1	2	12784	52514599	37113	0.0135
202ac47a-e3e8-4cc3-aeb3-a72813434fc1	2	52516787	52554404	41	0.6935
202ac47a-e3e8-4cc3-aeb3-a72813434fc1	2	52560811	54218706	1249	0.0113
202ac47a-e3e8-4cc3-aeb3-a72813434fc1	2	54218764	54255827	32	-0.4098
202ac47a-e3e8-4cc3-aeb3-a72813434fc1	2	54259004	68465378	9224	0.0174
202ac47a-e3e8-4cc3-aeb3-a72813434fc1	2	68469564	68549824	41	0.2979
202ac47a-e3e8-4cc3-aeb3-a72813434fc1	2	68551171	68650833	50	0.0583
202ac47a-e3e8-4cc3-aeb3-a72813434fc1	2	68653679	68655815	3	-0.9406
202ac47a-e3e8-4cc3-aeb3-a72813434fc1	2	68656101	71054851	1583	0.0203
202ac47a-e3e8-4cc3-aeb3-a72813434fc1	2	71058548	71059037	3	-1.3575
202ac47a-e3e8-4cc3-aeb3-a72813434fc1	2	71061657	87207015	9830	0.0204
202ac47a-e3e8-4cc3-aeb3-a72813434fc1	2	87207066	87218834	6	0.9769
202ac47a-e3e8-4cc3-aeb3-a72813434fc1	2	87221597	87245291	6	-0.5506
202ac47a-e3e8-4cc3-aeb3-a72813434fc1	2	87249453	88828606	552	-0.0035
202ac47a-e3e8-4cc3-aeb3-a72813434fc1	2	88829551	94713720	399	0.1887
202ac47a-e3e8-4cc3-aeb3-a72813434fc1	2	94714804	97172393	831	0.0312
202ac47a-e3e8-4cc3-aeb3-a72813434fc1	2	97180592	97211436	21	0.4962
202ac47a-e3e8-4cc3-aeb3-a72813434fc1	2	97310327	106263639	5586	0.0147
202ac47a-e3e8-4cc3-aeb3-a72813434fc1	2	106264257	106268901	11	-2.1291
202ac47a-e3e8-4cc3-aeb3-a72813434fc1	2	106270799	179548644	44312	0.0193
202ac47a-e3e8-4cc3-aeb3-a72813434fc1	2	179553484	179557410	30	-0.7446
202ac47a-e3e8-4cc3-aeb3-a72813434fc1	2	179560916	242147305	38504	0.0168
202ac47a-e3e8-4cc3-aeb3-a72813434fc1	3	20930	6604856	5816	0.0309
202ac47a-e3e8-4cc3-aeb3-a72813434fc1	3	6609441	6613728	27	0.519
202ac47a-e3e8-4cc3-aeb3-a72813434fc1	3	6613743	58806435	33802	0.021
202ac47a-e3e8-4cc3-aeb3-a72813434fc1	3	58813073	58814158	4	-1.4004
202ac47a-e3e8-4cc3-aeb3-a72813434fc1	3	58824677	61359116	2370	0.0242
202ac47a-e3e8-4cc3-aeb3-a72813434fc1	3	61359142	61360836	2	-2.1847
202ac47a-e3e8-4cc3-aeb3-a72813434fc1	3	61360890	68697013	5737	0.0137
202ac47a-e3e8-4cc3-aeb3-a72813434fc1	3	68697108	68698262	14	1.0811
202ac47a-e3e8-4cc3-aeb3-a72813434fc1	3	68699607	70500333	1424	0.0307
202ac47a-e3e8-4cc3-aeb3-a72813434fc1	3	70500365	70501049	2	-1.5968
202ac47a-e3e8-4cc3-aeb3-a72813434fc1	3	70501311	75478054	3478	0.0095
202ac47a-e3e8-4cc3-aeb3-a72813434fc1	3	75481744	75832122	85	0.2822
202ac47a-e3e8-4cc3-aeb3-a72813434fc1	3	75842770	99197493	10892	0.0227
202ac47a-e3e8-4cc3-aeb3-a72813434fc1	3	99197998	99230577	57	0.3873
202ac47a-e3e8-4cc3-aeb3-a72813434fc1	3	99232120	100660744	774	0.0133
202ac47a-e3e8-4cc3-aeb3-a72813434fc1	3	100661012	100663113	3	-1.0515
202ac47a-e3e8-4cc3-aeb3-a72813434fc1	3	100663571	103219973	1429	0.0184
202ac47a-e3e8-4cc3-aeb3-a72813434fc1	3	103226498	103232318	23	0.6938
202ac47a-e3e8-4cc3-aeb3-a72813434fc1	3	103244137	130044855	16469	0.0183
202ac47a-e3e8-4cc3-aeb3-a72813434fc1	3	130047743	130087393	37	0.5962
202ac47a-e3e8-4cc3-aeb3-a72813434fc1	3	130088081	136300257	4024	0.0251
202ac47a-e3e8-4cc3-aeb3-a72813434fc1	3	136304109	136306584	2	-2.8498
202ac47a-e3e8-4cc3-aeb3-a72813434fc1	3	136319699	149781888	8256	0.0243
202ac47a-e3e8-4cc3-aeb3-a72813434fc1	3	149781984	149783299	2	-1.744
202ac47a-e3e8-4cc3-aeb3-a72813434fc1	3	149783707	151000041	714	0.043
202ac47a-e3e8-4cc3-aeb3-a72813434fc1	3	151000737	151000805	2	-1.1452
202ac47a-e3e8-4cc3-aeb3-a72813434fc1	3	151001293	151818667	597	0.0508
202ac47a-e3e8-4cc3-aeb3-a72813434fc1	3	151818978	151819316	3	-1.128
202ac47a-e3e8-4cc3-aeb3-a72813434fc1	3	151819929	152624738	502	0.0221
202ac47a-e3e8-4cc3-aeb3-a72813434fc1	3	152625038	152635696	43	0.3192
202ac47a-e3e8-4cc3-aeb3-a72813434fc1	3	152635866	162404969	5849	0.0234
202ac47a-e3e8-4cc3-aeb3-a72813434fc1	3	162404983	162424805	14	-0.4662
202ac47a-e3e8-4cc3-aeb3-a72813434fc1	3	162424900	162795304	263	0.0587
202ac47a-e3e8-4cc3-aeb3-a72813434fc1	3	162795361	162916357	86	0.417
202ac47a-e3e8-4cc3-aeb3-a72813434fc1	3	162916527	184058234	12783	0.0253
202ac47a-e3e8-4cc3-aeb3-a72813434fc1	3	184058310	184058410	2	-2.4971
202ac47a-e3e8-4cc3-aeb3-a72813434fc1	3	184062277	193155915	6354	0.016
202ac47a-e3e8-4cc3-aeb3-a72813434fc1	3	193156018	193165114	22	-1.2197
202ac47a-e3e8-4cc3-aeb3-a72813434fc1	3	193168646	195558822	1483	0.0179
202ac47a-e3e8-4cc3-aeb3-a72813434fc1	3	195559056	195747892	45	0.3821
202ac47a-e3e8-4cc3-aeb3-a72813434fc1	3	195751823	198169247	1163	-0.0024
202ac47a-e3e8-4cc3-aeb3-a72813434fc1	4	68929	34777382	22693	0.0178
202ac47a-e3e8-4cc3-aeb3-a72813434fc1	4	34777403	34828327	45	-0.4905
202ac47a-e3e8-4cc3-aeb3-a72813434fc1	4	34828382	48232527	8567	0.0217
202ac47a-e3e8-4cc3-aeb3-a72813434fc1	4	48234517	48266147	37	-0.2871
202ac47a-e3e8-4cc3-aeb3-a72813434fc1	4	48266272	55729970	3029	0.0315
202ac47a-e3e8-4cc3-aeb3-a72813434fc1	4	55732890	55741308	8	-0.8863
202ac47a-e3e8-4cc3-aeb3-a72813434fc1	4	55742213	62221603	4015	0.0218
202ac47a-e3e8-4cc3-aeb3-a72813434fc1	4	62224835	62262275	34	0.3438
202ac47a-e3e8-4cc3-aeb3-a72813434fc1	4	62269938	68501424	3758	0.0316
202ac47a-e3e8-4cc3-aeb3-a72813434fc1	4	68506285	68620261	66	0.5101
202ac47a-e3e8-4cc3-aeb3-a72813434fc1	4	68623617	69529734	491	0.1071
202ac47a-e3e8-4cc3-aeb3-a72813434fc1	4	69531690	103626332	20770	0.021
202ac47a-e3e8-4cc3-aeb3-a72813434fc1	4	103632262	103685611	28	-0.9201
202ac47a-e3e8-4cc3-aeb3-a72813434fc1	4	103689958	107145640	1970	0.0244
202ac47a-e3e8-4cc3-aeb3-a72813434fc1	4	107145671	107150731	12	-0.5437
202ac47a-e3e8-4cc3-aeb3-a72813434fc1	4	107152350	107580466	304	-0.0005
202ac47a-e3e8-4cc3-aeb3-a72813434fc1	4	107583477	107593342	7	-0.6043
202ac47a-e3e8-4cc3-aeb3-a72813434fc1	4	107595118	108464432	519	0.0176
202ac47a-e3e8-4cc3-aeb3-a72813434fc1	4	108466650	108467479	2	-2.7483
202ac47a-e3e8-4cc3-aeb3-a72813434fc1	4	108482941	114252544	3584	0.0198
202ac47a-e3e8-4cc3-aeb3-a72813434fc1	4	114254167	114264667	31	-0.3263
202ac47a-e3e8-4cc3-aeb3-a72813434fc1	4	114265409	137261339	13328	0.0245
202ac47a-e3e8-4cc3-aeb3-a72813434fc1	4	137261389	137269730	47	-0.7732
202ac47a-e3e8-4cc3-aeb3-a72813434fc1	4	137270816	160952848	14574	0.0185
202ac47a-e3e8-4cc3-aeb3-a72813434fc1	4	160958866	160963448	20	-0.4663
202ac47a-e3e8-4cc3-aeb3-a72813434fc1	4	160963756	165631462	3050	0.0195
202ac47a-e3e8-4cc3-aeb3-a72813434fc1	4	165631546	165632204	2	-2.8768
202ac47a-e3e8-4cc3-aeb3-a72813434fc1	4	165632243	168057281	1439	0.0207
202ac47a-e3e8-4cc3-aeb3-a72813434fc1	4	168057660	168058112	4	1.0955
202ac47a-e3e8-4cc3-aeb3-a72813434fc1	4	168058165	178389135	6416	0.0155
202ac47a-e3e8-4cc3-aeb3-a72813434fc1	4	178393080	178420306	29	0.4302
202ac47a-e3e8-4cc3-aeb3-a72813434fc1	4	178420414	188300104	7081	0.0106
202ac47a-e3e8-4cc3-aeb3-a72813434fc1	4	188300206	188300285	4	-1.3658
202ac47a-e3e8-4cc3-aeb3-a72813434fc1	4	188301659	190106768	1141	0.0836
202ac47a-e3e8-4cc3-aeb3-a72813434fc1	5	15532	45298509	30333	0.0174
202ac47a-e3e8-4cc3-aeb3-a72813434fc1	5	45298733	50603013	508	0.1247
202ac47a-e3e8-4cc3-aeb3-a72813434fc1	5	50603263	58023655	4881	0.0174
202ac47a-e3e8-4cc3-aeb3-a72813434fc1	5	58025759	58036570	26	-0.4874
202ac47a-e3e8-4cc3-aeb3-a72813434fc1	5	58036689	104515520	26841	0.0224
202ac47a-e3e8-4cc3-aeb3-a72813434fc1	5	104524672	104524903	4	-1.457
202ac47a-e3e8-4cc3-aeb3-a72813434fc1	5	104525348	173778055	45834	0.0155
202ac47a-e3e8-4cc3-aeb3-a72813434fc1	5	173778222	173779213	6	-1.2606
202ac47a-e3e8-4cc3-aeb3-a72813434fc1	5	173779368	177771448	2391	0.0143
202ac47a-e3e8-4cc3-aeb3-a72813434fc1	5	177800550	177805604	3	1.5384
202ac47a-e3e8-4cc3-aeb3-a72813434fc1	5	177827964	181110126	1880	0
202ac47a-e3e8-4cc3-aeb3-a72813434fc1	5	181111233	181114251	4	-1.5153
202ac47a-e3e8-4cc3-aeb3-a72813434fc1	5	181116046	181363319	96	-0.0962
202ac47a-e3e8-4cc3-aeb3-a72813434fc1	6	149661	294725	123	0.0674
202ac47a-e3e8-4cc3-aeb3-a72813434fc1	6	294837	385784	85	-0.3441
202ac47a-e3e8-4cc3-aeb3-a72813434fc1	6	387532	1671208	1144	0.0195
202ac47a-e3e8-4cc3-aeb3-a72813434fc1	6	1676609	1678304	2	-1.9916
202ac47a-e3e8-4cc3-aeb3-a72813434fc1	6	1680880	24435872	17344	0.0156
202ac47a-e3e8-4cc3-aeb3-a72813434fc1	6	24436859	24436880	2	-2.3406
202ac47a-e3e8-4cc3-aeb3-a72813434fc1	6	24439300	29875657	2955	0.018
202ac47a-e3e8-4cc3-aeb3-a72813434fc1	6	29876257	29909182	16	0.5617
202ac47a-e3e8-4cc3-aeb3-a72813434fc1	6	29913249	31313046	653	0.0194
202ac47a-e3e8-4cc3-aeb3-a72813434fc1	6	31318499	31327629	7	-2.0401
202ac47a-e3e8-4cc3-aeb3-a72813434fc1	6	31328176	32657318	562	-0.0319
202ac47a-e3e8-4cc3-aeb3-a72813434fc1	6	32658111	32658841	3	-1.6742
202ac47a-e3e8-4cc3-aeb3-a72813434fc1	6	32682835	32718419	36	0.1042
202ac47a-e3e8-4cc3-aeb3-a72813434fc1	6	32720838	32723053	11	0.6267
202ac47a-e3e8-4cc3-aeb3-a72813434fc1	6	32732907	32775521	43	0.0315
202ac47a-e3e8-4cc3-aeb3-a72813434fc1	6	32777092	32819398	39	-0.3046
202ac47a-e3e8-4cc3-aeb3-a72813434fc1	6	32819560	48657639	10052	0.011
202ac47a-e3e8-4cc3-aeb3-a72813434fc1	6	48659194	48659750	3	-1.2558
202ac47a-e3e8-4cc3-aeb3-a72813434fc1	6	48659866	49053531	239	0.025
202ac47a-e3e8-4cc3-aeb3-a72813434fc1	6	49054204	49102273	22	0.402
202ac47a-e3e8-4cc3-aeb3-a72813434fc1	6	49108768	52227636	1879	0.0231
202ac47a-e3e8-4cc3-aeb3-a72813434fc1	6	52229258	52229369	3	-0.9791
202ac47a-e3e8-4cc3-aeb3-a72813434fc1	6	52230148	52746586	359	-0.0085
202ac47a-e3e8-4cc3-aeb3-a72813434fc1	6	52749018	52799684	47	0.245
202ac47a-e3e8-4cc3-aeb3-a72813434fc1	6	52800741	54066353	945	0.0154
202ac47a-e3e8-4cc3-aeb3-a72813434fc1	6	54066432	54067057	6	-1.109
202ac47a-e3e8-4cc3-aeb3-a72813434fc1	6	54070550	57267527	1934	0.0217
202ac47a-e3e8-4cc3-aeb3-a72813434fc1	6	57268376	61531078	620	0.1485
202ac47a-e3e8-4cc3-aeb3-a72813434fc1	6	61531092	69463404	4972	0.0314
202ac47a-e3e8-4cc3-aeb3-a72813434fc1	6	69468568	69472244	3	-1.8925
202ac47a-e3e8-4cc3-aeb3-a72813434fc1	6	69476380	76726815	4636	0.0253
202ac47a-e3e8-4cc3-aeb3-a72813434fc1	6	76730151	76733530	11	0.7466
202ac47a-e3e8-4cc3-aeb3-a72813434fc1	6	76736482	78253157	984	0.0158
202ac47a-e3e8-4cc3-aeb3-a72813434fc1	6	78253172	78325457	113	0.5204
202ac47a-e3e8-4cc3-aeb3-a72813434fc1	6	78325468	170741917	59667	0.0192
202ac47a-e3e8-4cc3-aeb3-a72813434fc1	7	43355	4117015	2081	-0.0193
202ac47a-e3e8-4cc3-aeb3-a72813434fc1	7	4118722	4118921	2	-2.7261
202ac47a-e3e8-4cc3-aeb3-a72813434fc1	7	4121739	4464844	296	0.0234
202ac47a-e3e8-4cc3-aeb3-a72813434fc1	7	4467342	4479322	13	-0.6217
202ac47a-e3e8-4cc3-aeb3-a72813434fc1	7	4481043	29178079	18612	0.0299
202ac47a-e3e8-4cc3-aeb3-a72813434fc1	7	29178543	29179478	3	-1.499
202ac47a-e3e8-4cc3-aeb3-a72813434fc1	7	29180029	57407759	19269	0.0172
202ac47a-e3e8-4cc3-aeb3-a72813434fc1	7	57408326	63677725	544	0.1648
202ac47a-e3e8-4cc3-aeb3-a72813434fc1	7	63690237	126405502	36144	0.0239
202ac47a-e3e8-4cc3-aeb3-a72813434fc1	7	126405597	126406561	10	0.9838
202ac47a-e3e8-4cc3-aeb3-a72813434fc1	7	126406822	134100556	4697	0.0128
202ac47a-e3e8-4cc3-aeb3-a72813434fc1	7	134100587	134133578	41	-0.4354
202ac47a-e3e8-4cc3-aeb3-a72813434fc1	7	134134788	142069880	5187	0.0196
202ac47a-e3e8-4cc3-aeb3-a72813434fc1	7	142069891	142092307	32	-0.6106
202ac47a-e3e8-4cc3-aeb3-a72813434fc1	7	142099190	148829779	4196	0.0173
202ac47a-e3e8-4cc3-aeb3-a72813434fc1	7	148830754	148832830	4	-1.1998
202ac47a-e3e8-4cc3-aeb3-a72813434fc1	7	148833995	151722608	1576	0.009
202ac47a-e3e8-4cc3-aeb3-a72813434fc1	7	151725861	151731678	3	-1.8196
202ac47a-e3e8-4cc3-aeb3-a72813434fc1	7	151733623	155412404	2581	0.0266
202ac47a-e3e8-4cc3-aeb3-a72813434fc1	7	155413823	155414572	4	-1.0974
202ac47a-e3e8-4cc3-aeb3-a72813434fc1	7	155415881	156516992	808	0.0141
202ac47a-e3e8-4cc3-aeb3-a72813434fc1	7	156518228	156521340	3	-1.3558
202ac47a-e3e8-4cc3-aeb3-a72813434fc1	7	156521518	156592980	54	0.0679
202ac47a-e3e8-4cc3-aeb3-a72813434fc1	7	156599096	156601485	4	-0.8902
202ac47a-e3e8-4cc3-aeb3-a72813434fc1	7	156602214	157758666	646	0.0071
202ac47a-e3e8-4cc3-aeb3-a72813434fc1	7	157759675	157760120	4	-1.2964
202ac47a-e3e8-4cc3-aeb3-a72813434fc1	7	157760195	157956087	123	0.0805
202ac47a-e3e8-4cc3-aeb3-a72813434fc1	7	157956311	158004708	43	-0.3837
202ac47a-e3e8-4cc3-aeb3-a72813434fc1	7	158008708	158320363	165	0.0105
202ac47a-e3e8-4cc3-aeb3-a72813434fc1	7	158321460	158323170	3	-2.4187
202ac47a-e3e8-4cc3-aeb3-a72813434fc1	7	158323699	159334314	637	0.0008
202ac47a-e3e8-4cc3-aeb3-a72813434fc1	8	81254	535370	263	0.0328
202ac47a-e3e8-4cc3-aeb3-a72813434fc1	8	539010	645908	69	-0.2991
202ac47a-e3e8-4cc3-aeb3-a72813434fc1	8	656117	5667553	5563	0.0174
202ac47a-e3e8-4cc3-aeb3-a72813434fc1	8	5668141	5672879	6	-1.09
202ac47a-e3e8-4cc3-aeb3-a72813434fc1	8	5673036	5690707	29	-0.0207
202ac47a-e3e8-4cc3-aeb3-a72813434fc1	8	5695329	5700524	12	-0.7861
202ac47a-e3e8-4cc3-aeb3-a72813434fc1	8	5702014	7063882	1737	-0.0104
202ac47a-e3e8-4cc3-aeb3-a72813434fc1	8	7064168	7981252	92	0.2501
202ac47a-e3e8-4cc3-aeb3-a72813434fc1	8	7982198	12092042	3234	-0.0055
202ac47a-e3e8-4cc3-aeb3-a72813434fc1	8	12130217	12691718	74	0.3419
202ac47a-e3e8-4cc3-aeb3-a72813434fc1	8	12693259	12891575	184	-0.0147
202ac47a-e3e8-4cc3-aeb3-a72813434fc1	8	12891653	12899655	8	-1.1937
202ac47a-e3e8-4cc3-aeb3-a72813434fc1	8	12900208	13485753	550	0.0164
202ac47a-e3e8-4cc3-aeb3-a72813434fc1	8	13485831	13487361	2	-1.9357
202ac47a-e3e8-4cc3-aeb3-a72813434fc1	8	13487445	25114672	9628	0.0247
202ac47a-e3e8-4cc3-aeb3-a72813434fc1	8	25116928	25126818	27	0.8059
202ac47a-e3e8-4cc3-aeb3-a72813434fc1	8	25133589	27016962	1479	0.029
202ac47a-e3e8-4cc3-aeb3-a72813434fc1	8	27021561	27023165	7	-0.992
202ac47a-e3e8-4cc3-aeb3-a72813434fc1	8	27029290	39389156	7532	0.0101
202ac47a-e3e8-4cc3-aeb3-a72813434fc1	8	39389592	39531496	60	0.6426
202ac47a-e3e8-4cc3-aeb3-a72813434fc1	8	39531510	42997301	2309	0.0271
202ac47a-e3e8-4cc3-aeb3-a72813434fc1	8	42999007	46883673	592	0.099
202ac47a-e3e8-4cc3-aeb3-a72813434fc1	8	46884340	106022892	35894	0.0158
202ac47a-e3e8-4cc3-aeb3-a72813434fc1	8	106030149	106030769	2	-1.9237
202ac47a-e3e8-4cc3-aeb3-a72813434fc1	8	106030898	111276327	3192	0.0231
202ac47a-e3e8-4cc3-aeb3-a72813434fc1	8	111279123	111282417	6	-0.7928
202ac47a-e3e8-4cc3-aeb3-a72813434fc1	8	111282441	111283031	6	-2.0499
202ac47a-e3e8-4cc3-aeb3-a72813434fc1	8	111288052	114619814	1822	0.0333
202ac47a-e3e8-4cc3-aeb3-a72813434fc1	8	114622258	114626238	16	-0.636
202ac47a-e3e8-4cc3-aeb3-a72813434fc1	8	114626472	114628843	10	0.0738
202ac47a-e3e8-4cc3-aeb3-a72813434fc1	8	114628907	114629502	9	-0.6159
202ac47a-e3e8-4cc3-aeb3-a72813434fc1	8	114638468	145072769	21044	0.0051
202ac47a-e3e8-4cc3-aeb3-a72813434fc1	9	46587	672786	651	0.0482
202ac47a-e3e8-4cc3-aeb3-a72813434fc1	9	672895	673512	5	-1.4258
202ac47a-e3e8-4cc3-aeb3-a72813434fc1	9	676055	11995307	10596	0.0166
202ac47a-e3e8-4cc3-aeb3-a72813434fc1	9	11996163	11996759	3	-1.522
202ac47a-e3e8-4cc3-aeb3-a72813434fc1	9	11996831	32079198	15568	0.0208
202ac47a-e3e8-4cc3-aeb3-a72813434fc1	9	32082228	32090402	13	0.677
202ac47a-e3e8-4cc3-aeb3-a72813434fc1	9	32093145	38771124	4255	0.0013
202ac47a-e3e8-4cc3-aeb3-a72813434fc1	9	38771463	61405110	271	0.2451
202ac47a-e3e8-4cc3-aeb3-a72813434fc1	9	61520021	61680289	33	0.7441
202ac47a-e3e8-4cc3-aeb3-a72813434fc1	9	61692082	68391659	178	0.1806
202ac47a-e3e8-4cc3-aeb3-a72813434fc1	9	68394191	70833139	1927	0.011
202ac47a-e3e8-4cc3-aeb3-a72813434fc1	9	70836876	70837172	2	-1.7461
202ac47a-e3e8-4cc3-aeb3-a72813434fc1	9	70837585	138200944	45932	0.0156
202ac47a-e3e8-4cc3-aeb3-a72813434fc1	10	45792	3017233	2457	0.0129
202ac47a-e3e8-4cc3-aeb3-a72813434fc1	10	3017522	3029355	12	-0.7227
202ac47a-e3e8-4cc3-aeb3-a72813434fc1	10	3030575	11373349	7293	0.0101
202ac47a-e3e8-4cc3-aeb3-a72813434fc1	10	11374813	11375027	2	-2.1709
202ac47a-e3e8-4cc3-aeb3-a72813434fc1	10	11375610	24086334	9421	0.0143
202ac47a-e3e8-4cc3-aeb3-a72813434fc1	10	24088745	24089125	11	0.957
202ac47a-e3e8-4cc3-aeb3-a72813434fc1	10	24089979	53667140	16879	0.0207
202ac47a-e3e8-4cc3-aeb3-a72813434fc1	10	53674242	53674738	13	-0.6851
202ac47a-e3e8-4cc3-aeb3-a72813434fc1	10	53676880	54920517	951	0.0311
202ac47a-e3e8-4cc3-aeb3-a72813434fc1	10	54923330	54924277	2	-3.3316
202ac47a-e3e8-4cc3-aeb3-a72813434fc1	10	54927534	55681077	483	0.0389
202ac47a-e3e8-4cc3-aeb3-a72813434fc1	10	55681167	55749575	71	0.2556
202ac47a-e3e8-4cc3-aeb3-a72813434fc1	10	55750818	68242351	8620	0.0245
202ac47a-e3e8-4cc3-aeb3-a72813434fc1	10	68243178	68245197	2	-2.5413
202ac47a-e3e8-4cc3-aeb3-a72813434fc1	10	68245233	133654968	44400	0.0107
202ac47a-e3e8-4cc3-aeb3-a72813434fc1	11	198510	4286769	1750	0.0179
202ac47a-e3e8-4cc3-aeb3-a72813434fc1	11	4298482	4337579	9	0.7916
202ac47a-e3e8-4cc3-aeb3-a72813434fc1	11	4337826	4946166	650	0.0191
202ac47a-e3e8-4cc3-aeb3-a72813434fc1	11	4946420	4954475	29	0.8148
202ac47a-e3e8-4cc3-aeb3-a72813434fc1	11	4955027	5040311	77	0.0539
202ac47a-e3e8-4cc3-aeb3-a72813434fc1	11	5040676	5041606	2	-2.05
202ac47a-e3e8-4cc3-aeb3-a72813434fc1	11	5041712	14659788	7398	0.0168
202ac47a-e3e8-4cc3-aeb3-a72813434fc1	11	14668189	14703482	19	-0.879
202ac47a-e3e8-4cc3-aeb3-a72813434fc1	11	14705068	42791601	19935	0.0222
202ac47a-e3e8-4cc3-aeb3-a72813434fc1	11	42794936	42796489	2	-2.8941
202ac47a-e3e8-4cc3-aeb3-a72813434fc1	11	42799053	44281476	1048	0.0137
202ac47a-e3e8-4cc3-aeb3-a72813434fc1	11	44281857	44291348	7	-0.8566
202ac47a-e3e8-4cc3-aeb3-a72813434fc1	11	44294334	47372087	1780	0.0048
202ac47a-e3e8-4cc3-aeb3-a72813434fc1	11	47372754	47372766	2	-1.6495
202ac47a-e3e8-4cc3-aeb3-a72813434fc1	11	47374671	48414100	490	0.0102
202ac47a-e3e8-4cc3-aeb3-a72813434fc1	11	48416385	48908776	175	0.2184
202ac47a-e3e8-4cc3-aeb3-a72813434fc1	11	48943181	49914987	460	0.04
202ac47a-e3e8-4cc3-aeb3-a72813434fc1	11	49916778	55575362	599	0.1436
202ac47a-e3e8-4cc3-aeb3-a72813434fc1	11	55576449	55662497	57	0.4351
202ac47a-e3e8-4cc3-aeb3-a72813434fc1	11	55663588	56238561	410	0.0778
202ac47a-e3e8-4cc3-aeb3-a72813434fc1	11	56240067	104648316	30145	0.0196
202ac47a-e3e8-4cc3-aeb3-a72813434fc1	11	104648691	104788809	95	-0.9817
202ac47a-e3e8-4cc3-aeb3-a72813434fc1	11	104789903	133150750	20201	0.0126
202ac47a-e3e8-4cc3-aeb3-a72813434fc1	11	133150810	133168523	12	-0.5459
202ac47a-e3e8-4cc3-aeb3-a72813434fc1	11	133169304	133243253	77	-0.0069
202ac47a-e3e8-4cc3-aeb3-a72813434fc1	11	133243408	133246988	3	-1.5704
202ac47a-e3e8-4cc3-aeb3-a72813434fc1	11	133248573	135074876	1343	-0.0158
202ac47a-e3e8-4cc3-aeb3-a72813434fc1	12	51460	11062773	7226	0.0114
202ac47a-e3e8-4cc3-aeb3-a72813434fc1	12	11064250	11152738	35	0.5096
202ac47a-e3e8-4cc3-aeb3-a72813434fc1	12	11155575	12922503	1358	0.041
202ac47a-e3e8-4cc3-aeb3-a72813434fc1	12	12923051	13146541	139	-0.1556
202ac47a-e3e8-4cc3-aeb3-a72813434fc1	12	13147050	30086381	11734	0.0167
202ac47a-e3e8-4cc3-aeb3-a72813434fc1	12	30086486	30090732	21	-0.5779
202ac47a-e3e8-4cc3-aeb3-a72813434fc1	12	30090756	31846771	1306	0.0041
202ac47a-e3e8-4cc3-aeb3-a72813434fc1	12	31849362	31910068	59	0.5318
202ac47a-e3e8-4cc3-aeb3-a72813434fc1	12	31914968	33748566	1322	0.027
202ac47a-e3e8-4cc3-aeb3-a72813434fc1	12	33749114	38343820	644	0.1078
202ac47a-e3e8-4cc3-aeb3-a72813434fc1	12	38349636	42672467	2801	0.0169
202ac47a-e3e8-4cc3-aeb3-a72813434fc1	12	42673560	42673649	2	-2.2709
202ac47a-e3e8-4cc3-aeb3-a72813434fc1	12	42674456	83769408	25339	0.0187
202ac47a-e3e8-4cc3-aeb3-a72813434fc1	12	83769511	83769569	2	-2.2202
202ac47a-e3e8-4cc3-aeb3-a72813434fc1	12	83771462	97481717	8764	0.0154
202ac47a-e3e8-4cc3-aeb3-a72813434fc1	12	97481891	97483910	7	-0.9124
202ac47a-e3e8-4cc3-aeb3-a72813434fc1	12	97484633	99401995	1314	0.0206
202ac47a-e3e8-4cc3-aeb3-a72813434fc1	12	99402073	99403124	14	0.6393
202ac47a-e3e8-4cc3-aeb3-a72813434fc1	12	99403311	113923605	9302	0.0091
202ac47a-e3e8-4cc3-aeb3-a72813434fc1	12	113924134	114040759	119	-0.1574
202ac47a-e3e8-4cc3-aeb3-a72813434fc1	12	114041294	116898151	2324	0.0136
202ac47a-e3e8-4cc3-aeb3-a72813434fc1	12	116898207	116910270	6	-1.0227
202ac47a-e3e8-4cc3-aeb3-a72813434fc1	12	116911749	126660070	6023	0.0141
202ac47a-e3e8-4cc3-aeb3-a72813434fc1	12	126660439	126660614	2	-2.2391
202ac47a-e3e8-4cc3-aeb3-a72813434fc1	12	126660909	131613371	4337	-0.0052
202ac47a-e3e8-4cc3-aeb3-a72813434fc1	12	131613387	131623604	13	-0.7357
202ac47a-e3e8-4cc3-aeb3-a72813434fc1	12	131630460	133201603	577	-0.0096
202ac47a-e3e8-4cc3-aeb3-a72813434fc1	13	18452809	19547319	531	0.0462
202ac47a-e3e8-4cc3-aeb3-a72813434fc1	13	19549755	19549770	2	-1.966
202ac47a-e3e8-4cc3-aeb3-a72813434fc1	13	19550361	48957415	20977	0.0143
202ac47a-e3e8-4cc3-aeb3-a72813434fc1	13	48959579	48962368	2	-3.3696
202ac47a-e3e8-4cc3-aeb3-a72813434fc1	13	48963569	68668123	11421	0.0302
202ac47a-e3e8-4cc3-aeb3-a72813434fc1	13	68674167	68690553	37	-0.6104
202ac47a-e3e8-4cc3-aeb3-a72813434fc1	13	68694110	98651528	19603	0.0185
202ac47a-e3e8-4cc3-aeb3-a72813434fc1	13	98651746	98653377	2	-1.6413
202ac47a-e3e8-4cc3-aeb3-a72813434fc1	13	98661720	110932159	9670	0.0237
202ac47a-e3e8-4cc3-aeb3-a72813434fc1	13	110936620	110940433	4	-1.0871
202ac47a-e3e8-4cc3-aeb3-a72813434fc1	13	110941584	114342922	1864	-0.0026
202ac47a-e3e8-4cc3-aeb3-a72813434fc1	14	18239283	22066233	1627	-0.0026
202ac47a-e3e8-4cc3-aeb3-a72813434fc1	14	22066726	22496204	368	-0.1639
202ac47a-e3e8-4cc3-aeb3-a72813434fc1	14	22497429	45381006	14203	0.0198
202ac47a-e3e8-4cc3-aeb3-a72813434fc1	14	45381120	45584794	104	0.2444
202ac47a-e3e8-4cc3-aeb3-a72813434fc1	14	45589165	73534419	17921	0.0138
202ac47a-e3e8-4cc3-aeb3-a72813434fc1	14	73540003	73583560	18	-0.6077
202ac47a-e3e8-4cc3-aeb3-a72813434fc1	14	73589619	86618960	8688	0.0204
202ac47a-e3e8-4cc3-aeb3-a72813434fc1	14	86618964	86624521	2	-1.8958
202ac47a-e3e8-4cc3-aeb3-a72813434fc1	14	86626191	105542308	11934	0.0098
202ac47a-e3e8-4cc3-aeb3-a72813434fc1	14	105544971	106340102	231	0.122
202ac47a-e3e8-4cc3-aeb3-a72813434fc1	14	106340305	106362628	8	0.8055
202ac47a-e3e8-4cc3-aeb3-a72813434fc1	14	106364815	106877229	272	0.081
202ac47a-e3e8-4cc3-aeb3-a72813434fc1	15	19811075	20001686	45	0.2841
202ac47a-e3e8-4cc3-aeb3-a72813434fc1	15	20011702	20373168	43	0.6528
202ac47a-e3e8-4cc3-aeb3-a72813434fc1	15	20376198	20376202	5	-0.5648
202ac47a-e3e8-4cc3-aeb3-a72813434fc1	15	20376309	22624663	128	0.505
202ac47a-e3e8-4cc3-aeb3-a72813434fc1	15	22631647	24127497	846	-0.002
202ac47a-e3e8-4cc3-aeb3-a72813434fc1	15	24127507	24581411	217	0.2015
202ac47a-e3e8-4cc3-aeb3-a72813434fc1	15	24584215	29119788	2886	0.0234
202ac47a-e3e8-4cc3-aeb3-a72813434fc1	15	29119844	29125333	4	-1.3634
202ac47a-e3e8-4cc3-aeb3-a72813434fc1	15	29130479	76586021	29719	0.0151
202ac47a-e3e8-4cc3-aeb3-a72813434fc1	15	76598900	76609838	23	1.0591
202ac47a-e3e8-4cc3-aeb3-a72813434fc1	15	76609853	101928837	17597	0.0158
202ac47a-e3e8-4cc3-aeb3-a72813434fc1	16	10777	16186102	11728	0.0045
202ac47a-e3e8-4cc3-aeb3-a72813434fc1	16	16186919	16188450	2	-2.2787
202ac47a-e3e8-4cc3-aeb3-a72813434fc1	16	16188463	22614263	3049	0.0169
202ac47a-e3e8-4cc3-aeb3-a72813434fc1	16	22614281	22699421	58	0.322
202ac47a-e3e8-4cc3-aeb3-a72813434fc1	16	22701658	33640096	5163	0.0105
202ac47a-e3e8-4cc3-aeb3-a72813434fc1	16	33682107	46441986	455	0.1344
202ac47a-e3e8-4cc3-aeb3-a72813434fc1	16	46444015	76831383	19177	0.0178
202ac47a-e3e8-4cc3-aeb3-a72813434fc1	16	76836673	76853294	7	-0.8183
202ac47a-e3e8-4cc3-aeb3-a72813434fc1	16	76854240	78715786	2066	0.0275
202ac47a-e3e8-4cc3-aeb3-a72813434fc1	16	78716991	90096867	10121	-0.0168
202ac47a-e3e8-4cc3-aeb3-a72813434fc1	17	150733	18414080	11376	0.0036
202ac47a-e3e8-4cc3-aeb3-a72813434fc1	17	18452078	18592992	30	0.5958
202ac47a-e3e8-4cc3-aeb3-a72813434fc1	17	18593989	21020437	998	0.034
202ac47a-e3e8-4cc3-aeb3-a72813434fc1	17	21021210	21021307	2	-2.2518
202ac47a-e3e8-4cc3-aeb3-a72813434fc1	17	21021385	22316315	304	0.0428
202ac47a-e3e8-4cc3-aeb3-a72813434fc1	17	22317288	22322017	6	-1.0007
202ac47a-e3e8-4cc3-aeb3-a72813434fc1	17	22323408	36109735	5519	0.0128
202ac47a-e3e8-4cc3-aeb3-a72813434fc1	17	36112585	36157718	34	0.7025
202ac47a-e3e8-4cc3-aeb3-a72813434fc1	17	36200725	46085231	5046	0.0074
202ac47a-e3e8-4cc3-aeb3-a72813434fc1	17	46085732	46138956	41	0.4367
202ac47a-e3e8-4cc3-aeb3-a72813434fc1	17	46142189	46234520	70	0.1193
202ac47a-e3e8-4cc3-aeb3-a72813434fc1	17	46234609	46286804	14	0.632
202ac47a-e3e8-4cc3-aeb3-a72813434fc1	17	46323701	83091923	21549	0.0138
202ac47a-e3e8-4cc3-aeb3-a72813434fc1	18	48133	4305968	3086	0.0148
202ac47a-e3e8-4cc3-aeb3-a72813434fc1	18	4308100	4313642	10	-0.9998
202ac47a-e3e8-4cc3-aeb3-a72813434fc1	18	4315254	4459073	143	0.0048
202ac47a-e3e8-4cc3-aeb3-a72813434fc1	18	4460803	4464137	3	-0.8755
202ac47a-e3e8-4cc3-aeb3-a72813434fc1	18	4464955	5012396	303	0.0153
202ac47a-e3e8-4cc3-aeb3-a72813434fc1	18	5012434	5012918	2	1.7345
202ac47a-e3e8-4cc3-aeb3-a72813434fc1	18	5013859	14970631	6753	0.0137
202ac47a-e3e8-4cc3-aeb3-a72813434fc1	18	14971179	15402409	96	0.2624
202ac47a-e3e8-4cc3-aeb3-a72813434fc1	18	20949392	40680484	12384	0.0156
202ac47a-e3e8-4cc3-aeb3-a72813434fc1	18	40680506	40690234	21	-0.5537
202ac47a-e3e8-4cc3-aeb3-a72813434fc1	18	40690250	74438607	23801	0.0185
202ac47a-e3e8-4cc3-aeb3-a72813434fc1	18	74439346	74445381	6	-1.2518
202ac47a-e3e8-4cc3-aeb3-a72813434fc1	18	74445966	77066592	2002	0.0209
202ac47a-e3e8-4cc3-aeb3-a72813434fc1	18	77067910	77079118	9	-0.7754
202ac47a-e3e8-4cc3-aeb3-a72813434fc1	18	77079896	79528063	1711	0.0272
202ac47a-e3e8-4cc3-aeb3-a72813434fc1	18	79528323	79528532	3	-1.75
202ac47a-e3e8-4cc3-aeb3-a72813434fc1	18	79537934	80257174	369	-0.017
202ac47a-e3e8-4cc3-aeb3-a72813434fc1	19	90910	51628560	24733	0.0236
202ac47a-e3e8-4cc3-aeb3-a72813434fc1	19	51639099	51644944	11	-2.754
202ac47a-e3e8-4cc3-aeb3-a72813434fc1	19	51651652	55771169	2494	0.0366
202ac47a-e3e8-4cc3-aeb3-a72813434fc1	19	55771663	55771701	2	-2.3245
202ac47a-e3e8-4cc3-aeb3-a72813434fc1	19	55774927	58429147	1780	0.0151
202ac47a-e3e8-4cc3-aeb3-a72813434fc1	19	58432041	58433008	2	-3.3796
202ac47a-e3e8-4cc3-aeb3-a72813434fc1	19	58434689	58586487	52	-0.1686
202ac47a-e3e8-4cc3-aeb3-a72813434fc1	20	80664	1580305	1201	0.0202
202ac47a-e3e8-4cc3-aeb3-a72813434fc1	20	1580353	1617300	43	0.7125
202ac47a-e3e8-4cc3-aeb3-a72813434fc1	20	1617460	17774461	12688	0.0198
202ac47a-e3e8-4cc3-aeb3-a72813434fc1	20	17779987	17782212	2	-1.7057
202ac47a-e3e8-4cc3-aeb3-a72813434fc1	20	17782504	26255519	6042	0.0136
202ac47a-e3e8-4cc3-aeb3-a72813434fc1	20	26255650	30293217	42	0.3771
202ac47a-e3e8-4cc3-aeb3-a72813434fc1	20	30295149	30295239	2	-1.5629
202ac47a-e3e8-4cc3-aeb3-a72813434fc1	20	30299006	42247195	6410	0.016
202ac47a-e3e8-4cc3-aeb3-a72813434fc1	20	42248434	42249925	3	-1.9508
202ac47a-e3e8-4cc3-aeb3-a72813434fc1	20	42250421	47148347	3598	0.0132
202ac47a-e3e8-4cc3-aeb3-a72813434fc1	20	47151467	47160290	13	-0.7668
202ac47a-e3e8-4cc3-aeb3-a72813434fc1	20	47161314	54065342	4888	0.0147
202ac47a-e3e8-4cc3-aeb3-a72813434fc1	20	54065374	54065389	2	-2.3592
202ac47a-e3e8-4cc3-aeb3-a72813434fc1	20	54065719	60249930	4943	0.0125
202ac47a-e3e8-4cc3-aeb3-a72813434fc1	20	60251643	60251947	2	-1.9932
202ac47a-e3e8-4cc3-aeb3-a72813434fc1	20	60251950	64324800	2451	0.0103
202ac47a-e3e8-4cc3-aeb3-a72813434fc1	21	10354168	10756733	86	0.0212
202ac47a-e3e8-4cc3-aeb3-a72813434fc1	21	10775586	13974127	237	0.1876
202ac47a-e3e8-4cc3-aeb3-a72813434fc1	21	13975300	46677045	23528	0.0128
202ac47a-e3e8-4cc3-aeb3-a72813434fc1	22	15294547	19360405	1404	0.0218
202ac47a-e3e8-4cc3-aeb3-a72813434fc1	22	19360635	19360676	2	-2.806
202ac47a-e3e8-4cc3-aeb3-a72813434fc1	22	19361403	19515862	102	0.0056
202ac47a-e3e8-4cc3-aeb3-a72813434fc1	22	19516669	19551004	16	-0.7272
202ac47a-e3e8-4cc3-aeb3-a72813434fc1	22	19553642	20761987	793	-0.0676
202ac47a-e3e8-4cc3-aeb3-a72813434fc1	22	20762428	33777419	9310	0.0164
202ac47a-e3e8-4cc3-aeb3-a72813434fc1	22	33778960	33778998	4	-2.2399
202ac47a-e3e8-4cc3-aeb3-a72813434fc1	22	33785435	38967614	3582	0.005
202ac47a-e3e8-4cc3-aeb3-a72813434fc1	22	38967679	39003307	35	-0.6114
202ac47a-e3e8-4cc3-aeb3-a72813434fc1	22	39007789	48955627	6813	0.0121
202ac47a-e3e8-4cc3-aeb3-a72813434fc1	22	48955650	50796027	1171	-0.0639
202ac47a-e3e8-4cc3-aeb3-a72813434fc1	X	251810	155952689	83611	0.0151
202ac47a-e3e8-4cc3-aeb3-a72813434fc1	Y	2782397	6249869	784	-2.5216
202ac47a-e3e8-4cc3-aeb3-a72813434fc1	Y	6252391	13478396	2480	-3.0325
202ac47a-e3e8-4cc3-aeb3-a72813434fc1	Y	13478462	13482643	3	-7.6945
202ac47a-e3e8-4cc3-aeb3-a72813434fc1	Y	13483009	17053374	1750	-2.9815
202ac47a-e3e8-4cc3-aeb3-a72813434fc1	Y	17054981	17067660	8	-6.1342
202ac47a-e3e8-4cc3-aeb3-a72813434fc1	Y	17070391	25971733	1442	-3.0725
202ac47a-e3e8-4cc3-aeb3-a72813434fc1	Y	26077669	56872112	172	-2.5587
