GDC_Aliquot	Chromosome	Start	End	Num_Probes	Segment_Mean
37e0f3fd-e3ba-47d8-a0ca-eb390033ab1a	1	62920	1569430	206	0.2834
37e0f3fd-e3ba-47d8-a0ca-eb390033ab1a	1	1570600	9784716	4713	0.3796
37e0f3fd-e3ba-47d8-a0ca-eb390033ab1a	1	9789250	9795530	3	-1.284
37e0f3fd-e3ba-47d8-a0ca-eb390033ab1a	1	9797820	16863509	3786	0.3903
37e0f3fd-e3ba-47d8-a0ca-eb390033ab1a	1	16864367	16934753	48	0.6747
37e0f3fd-e3ba-47d8-a0ca-eb390033ab1a	1	16934768	21621597	3141	0.3816
37e0f3fd-e3ba-47d8-a0ca-eb390033ab1a	1	21622969	21622982	2	-1.4129
37e0f3fd-e3ba-47d8-a0ca-eb390033ab1a	1	21626645	55473214	18824	0.3819
37e0f3fd-e3ba-47d8-a0ca-eb390033ab1a	1	55473416	72297687	12062	0.3491
37e0f3fd-e3ba-47d8-a0ca-eb390033ab1a	1	72302735	72303253	4	-0.5909
37e0f3fd-e3ba-47d8-a0ca-eb390033ab1a	1	72305460	72313397	8	-2.5055
37e0f3fd-e3ba-47d8-a0ca-eb390033ab1a	1	72313408	72345465	36	-0.8203
37e0f3fd-e3ba-47d8-a0ca-eb390033ab1a	1	72346221	103621165	20024	0.3445
37e0f3fd-e3ba-47d8-a0ca-eb390033ab1a	1	103697067	103717410	3	2.4816
37e0f3fd-e3ba-47d8-a0ca-eb390033ab1a	1	103717617	105476748	922	0.3566
37e0f3fd-e3ba-47d8-a0ca-eb390033ab1a	1	105476861	105479753	13	1.1374
37e0f3fd-e3ba-47d8-a0ca-eb390033ab1a	1	105481433	110929814	3599	0.3565
37e0f3fd-e3ba-47d8-a0ca-eb390033ab1a	1	110932799	110934361	3	-1.6012
37e0f3fd-e3ba-47d8-a0ca-eb390033ab1a	1	110937265	112147704	995	0.3472
37e0f3fd-e3ba-47d8-a0ca-eb390033ab1a	1	112153343	112154768	25	-0.7091
37e0f3fd-e3ba-47d8-a0ca-eb390033ab1a	1	112163334	121135839	5076	0.3671
37e0f3fd-e3ba-47d8-a0ca-eb390033ab1a	1	121148007	147530805	762	0.4585
37e0f3fd-e3ba-47d8-a0ca-eb390033ab1a	1	147531237	147595529	48	0.3521
37e0f3fd-e3ba-47d8-a0ca-eb390033ab1a	1	147598749	147598816	2	-1.1866
37e0f3fd-e3ba-47d8-a0ca-eb390033ab1a	1	147605490	152583051	1716	0.3887
37e0f3fd-e3ba-47d8-a0ca-eb390033ab1a	1	152583230	152613762	31	-1.5696
37e0f3fd-e3ba-47d8-a0ca-eb390033ab1a	1	152613802	197925325	30302	0.3519
37e0f3fd-e3ba-47d8-a0ca-eb390033ab1a	1	197925418	198079672	100	0.0463
37e0f3fd-e3ba-47d8-a0ca-eb390033ab1a	1	198080287	206990086	5843	0.3658
37e0f3fd-e3ba-47d8-a0ca-eb390033ab1a	1	206990228	222686348	11129	0.3372
37e0f3fd-e3ba-47d8-a0ca-eb390033ab1a	1	222686889	248930189	18163	0.3629
37e0f3fd-e3ba-47d8-a0ca-eb390033ab1a	2	12784	25190867	18353	-0.2103
37e0f3fd-e3ba-47d8-a0ca-eb390033ab1a	2	25192216	27790800	1194	-0.1339
37e0f3fd-e3ba-47d8-a0ca-eb390033ab1a	2	27791452	83680340	37713	-0.2044
37e0f3fd-e3ba-47d8-a0ca-eb390033ab1a	2	83681697	83685028	2	-2.3029
37e0f3fd-e3ba-47d8-a0ca-eb390033ab1a	2	83685488	86710564	1781	-0.1769
37e0f3fd-e3ba-47d8-a0ca-eb390033ab1a	2	86725947	86726731	2	-2.5801
37e0f3fd-e3ba-47d8-a0ca-eb390033ab1a	2	86743283	97359885	1928	-0.1643
37e0f3fd-e3ba-47d8-a0ca-eb390033ab1a	2	97524284	97545726	9	0.8544
37e0f3fd-e3ba-47d8-a0ca-eb390033ab1a	2	97550415	106266773	5564	-0.2014
37e0f3fd-e3ba-47d8-a0ca-eb390033ab1a	2	106266875	106268901	7	-3.1805
37e0f3fd-e3ba-47d8-a0ca-eb390033ab1a	2	106270799	140943037	20619	-0.204
37e0f3fd-e3ba-47d8-a0ca-eb390033ab1a	2	140948024	141067016	102	-0.7974
37e0f3fd-e3ba-47d8-a0ca-eb390033ab1a	2	141068363	141633447	397	-0.1368
37e0f3fd-e3ba-47d8-a0ca-eb390033ab1a	2	141636823	141923829	259	-0.6579
37e0f3fd-e3ba-47d8-a0ca-eb390033ab1a	2	141927243	146107615	2427	-0.2106
37e0f3fd-e3ba-47d8-a0ca-eb390033ab1a	2	146107675	146109366	16	-1.9605
37e0f3fd-e3ba-47d8-a0ca-eb390033ab1a	2	146120238	207635609	37039	-0.2196
37e0f3fd-e3ba-47d8-a0ca-eb390033ab1a	2	207636221	207638827	2	-2.4646
37e0f3fd-e3ba-47d8-a0ca-eb390033ab1a	2	207639869	208312017	374	-0.1698
37e0f3fd-e3ba-47d8-a0ca-eb390033ab1a	2	208312083	229837936	14086	-0.2198
37e0f3fd-e3ba-47d8-a0ca-eb390033ab1a	2	229844007	242147305	7510	-0.1809
37e0f3fd-e3ba-47d8-a0ca-eb390033ab1a	3	20930	14503374	11780	0.1999
37e0f3fd-e3ba-47d8-a0ca-eb390033ab1a	3	14506605	14922692	312	-0.2374
37e0f3fd-e3ba-47d8-a0ca-eb390033ab1a	3	14922789	21762936	4228	0.1422
37e0f3fd-e3ba-47d8-a0ca-eb390033ab1a	3	21765980	22172202	414	0.2588
37e0f3fd-e3ba-47d8-a0ca-eb390033ab1a	3	22176672	44279919	14904	0.146
37e0f3fd-e3ba-47d8-a0ca-eb390033ab1a	3	44286392	46760515	1546	0.1692
37e0f3fd-e3ba-47d8-a0ca-eb390033ab1a	3	46760755	46802803	26	0.5466
37e0f3fd-e3ba-47d8-a0ca-eb390033ab1a	3	46802910	52994359	2503	0.1948
37e0f3fd-e3ba-47d8-a0ca-eb390033ab1a	3	52997720	52999132	13	0.8672
37e0f3fd-e3ba-47d8-a0ca-eb390033ab1a	3	52999524	61969165	6770	0.1692
37e0f3fd-e3ba-47d8-a0ca-eb390033ab1a	3	61972014	68697013	5282	0.1412
37e0f3fd-e3ba-47d8-a0ca-eb390033ab1a	3	68697108	68698262	14	-1.256
37e0f3fd-e3ba-47d8-a0ca-eb390033ab1a	3	68699607	84650533	9908	0.138
37e0f3fd-e3ba-47d8-a0ca-eb390033ab1a	3	84650607	84652966	12	0.8056
37e0f3fd-e3ba-47d8-a0ca-eb390033ab1a	3	84652985	100648260	6784	0.1355
37e0f3fd-e3ba-47d8-a0ca-eb390033ab1a	3	100648381	100694337	26	0.512
37e0f3fd-e3ba-47d8-a0ca-eb390033ab1a	3	100698382	118630600	11240	0.1226
37e0f3fd-e3ba-47d8-a0ca-eb390033ab1a	3	118631158	130044855	6679	0.1565
37e0f3fd-e3ba-47d8-a0ca-eb390033ab1a	3	130047743	130087393	37	-1.5318
37e0f3fd-e3ba-47d8-a0ca-eb390033ab1a	3	130088081	136300257	4029	0.1394
37e0f3fd-e3ba-47d8-a0ca-eb390033ab1a	3	136304109	136306584	2	-2.8318
37e0f3fd-e3ba-47d8-a0ca-eb390033ab1a	3	136319699	146661402	6358	0.1343
37e0f3fd-e3ba-47d8-a0ca-eb390033ab1a	3	146665207	146668345	4	-1.2389
37e0f3fd-e3ba-47d8-a0ca-eb390033ab1a	3	146674197	147743379	566	0.2226
37e0f3fd-e3ba-47d8-a0ca-eb390033ab1a	3	147744009	162498857	9104	0.1322
37e0f3fd-e3ba-47d8-a0ca-eb390033ab1a	3	162499044	162505987	19	-0.5813
37e0f3fd-e3ba-47d8-a0ca-eb390033ab1a	3	162506001	162790390	178	0.1233
37e0f3fd-e3ba-47d8-a0ca-eb390033ab1a	3	162790404	162815162	18	0.5034
37e0f3fd-e3ba-47d8-a0ca-eb390033ab1a	3	162816942	162822221	4	1.3257
37e0f3fd-e3ba-47d8-a0ca-eb390033ab1a	3	162822685	162822702	2	3.8853
37e0f3fd-e3ba-47d8-a0ca-eb390033ab1a	3	162827928	162846267	9	0.4035
37e0f3fd-e3ba-47d8-a0ca-eb390033ab1a	3	162849883	162869490	12	0.8641
37e0f3fd-e3ba-47d8-a0ca-eb390033ab1a	3	162869779	162996729	99	0.2501
37e0f3fd-e3ba-47d8-a0ca-eb390033ab1a	3	162999939	163001774	2	-2.8678
37e0f3fd-e3ba-47d8-a0ca-eb390033ab1a	3	163008371	193160113	19090	0.1421
37e0f3fd-e3ba-47d8-a0ca-eb390033ab1a	3	193160173	193162798	8	-0.5311
37e0f3fd-e3ba-47d8-a0ca-eb390033ab1a	3	193162937	193165114	11	-1.527
37e0f3fd-e3ba-47d8-a0ca-eb390033ab1a	3	193168646	195455343	1457	0.1511
37e0f3fd-e3ba-47d8-a0ca-eb390033ab1a	3	195458232	195729177	59	0.6205
37e0f3fd-e3ba-47d8-a0ca-eb390033ab1a	3	195730018	198169247	1175	0.22
37e0f3fd-e3ba-47d8-a0ca-eb390033ab1a	4	68929	10212536	5700	-0.1748
37e0f3fd-e3ba-47d8-a0ca-eb390033ab1a	4	10221792	10229874	28	1.032
37e0f3fd-e3ba-47d8-a0ca-eb390033ab1a	4	10232590	12342459	1767	-0.2264
37e0f3fd-e3ba-47d8-a0ca-eb390033ab1a	4	12342502	12342622	2	-1.9938
37e0f3fd-e3ba-47d8-a0ca-eb390033ab1a	4	12347791	34777353	15198	-0.2304
37e0f3fd-e3ba-47d8-a0ca-eb390033ab1a	4	34777382	34830196	48	0.2367
37e0f3fd-e3ba-47d8-a0ca-eb390033ab1a	4	34830245	37358883	1715	-0.2477
37e0f3fd-e3ba-47d8-a0ca-eb390033ab1a	4	37358950	42274810	3189	-0.1915
37e0f3fd-e3ba-47d8-a0ca-eb390033ab1a	4	42277139	48138380	3448	-0.2387
37e0f3fd-e3ba-47d8-a0ca-eb390033ab1a	4	48138408	49653346	619	-0.0934
37e0f3fd-e3ba-47d8-a0ca-eb390033ab1a	4	49654496	57375726	3705	-0.2118
37e0f3fd-e3ba-47d8-a0ca-eb390033ab1a	4	57382041	57391987	8	-1.3548
37e0f3fd-e3ba-47d8-a0ca-eb390033ab1a	4	57392188	63831799	3853	-0.2381
37e0f3fd-e3ba-47d8-a0ca-eb390033ab1a	4	63831812	63842036	21	0.4191
37e0f3fd-e3ba-47d8-a0ca-eb390033ab1a	4	63842099	68506285	2874	-0.2246
37e0f3fd-e3ba-47d8-a0ca-eb390033ab1a	4	68509223	68620261	64	-1.3919
37e0f3fd-e3ba-47d8-a0ca-eb390033ab1a	4	68623617	69377178	374	-0.0851
37e0f3fd-e3ba-47d8-a0ca-eb390033ab1a	4	69378363	86990428	10928	-0.2323
37e0f3fd-e3ba-47d8-a0ca-eb390033ab1a	4	86990539	88844554	1187	-0.7475
37e0f3fd-e3ba-47d8-a0ca-eb390033ab1a	4	88844721	88848082	3	-3.4757
37e0f3fd-e3ba-47d8-a0ca-eb390033ab1a	4	88850918	107145640	10726	-0.7949
37e0f3fd-e3ba-47d8-a0ca-eb390033ab1a	4	107145671	107154329	22	-0.0791
37e0f3fd-e3ba-47d8-a0ca-eb390033ab1a	4	107154401	114116272	4303	-0.794
37e0f3fd-e3ba-47d8-a0ca-eb390033ab1a	4	114121216	114254167	89	-0.2017
37e0f3fd-e3ba-47d8-a0ca-eb390033ab1a	4	114254188	114261019	22	0.6661
37e0f3fd-e3ba-47d8-a0ca-eb390033ab1a	4	114263073	160958989	27947	-0.2405
37e0f3fd-e3ba-47d8-a0ca-eb390033ab1a	4	160959045	160963756	18	-2.1477
37e0f3fd-e3ba-47d8-a0ca-eb390033ab1a	4	160963767	164584433	2338	-0.2342
37e0f3fd-e3ba-47d8-a0ca-eb390033ab1a	4	164584879	165005468	316	-0.1002
37e0f3fd-e3ba-47d8-a0ca-eb390033ab1a	4	165005502	167914256	1753	-0.2435
37e0f3fd-e3ba-47d8-a0ca-eb390033ab1a	4	167914440	168072733	111	-0.0016
37e0f3fd-e3ba-47d8-a0ca-eb390033ab1a	4	168072942	171448195	2149	-0.2435
37e0f3fd-e3ba-47d8-a0ca-eb390033ab1a	4	171453733	171456559	10	1.5867
37e0f3fd-e3ba-47d8-a0ca-eb390033ab1a	4	171456573	180216304	5526	-0.2332
37e0f3fd-e3ba-47d8-a0ca-eb390033ab1a	4	180217146	180217172	2	-2.1834
37e0f3fd-e3ba-47d8-a0ca-eb390033ab1a	4	180225002	181620639	1143	-0.2292
37e0f3fd-e3ba-47d8-a0ca-eb390033ab1a	4	181620998	181621230	2	1.5488
37e0f3fd-e3ba-47d8-a0ca-eb390033ab1a	4	181626178	188300104	4659	-0.2024
37e0f3fd-e3ba-47d8-a0ca-eb390033ab1a	4	188300206	188300285	4	1.663
37e0f3fd-e3ba-47d8-a0ca-eb390033ab1a	4	188301659	190106768	1141	-0.1737
37e0f3fd-e3ba-47d8-a0ca-eb390033ab1a	5	15532	724612	315	0.4298
37e0f3fd-e3ba-47d8-a0ca-eb390033ab1a	5	725091	825538	36	1.1367
37e0f3fd-e3ba-47d8-a0ca-eb390033ab1a	5	833513	11161513	8748	0.4449
37e0f3fd-e3ba-47d8-a0ca-eb390033ab1a	5	11162524	11162659	3	-1.6799
37e0f3fd-e3ba-47d8-a0ca-eb390033ab1a	5	11167165	12815668	1087	0.4278
37e0f3fd-e3ba-47d8-a0ca-eb390033ab1a	5	12815753	12870103	19	0.9739
37e0f3fd-e3ba-47d8-a0ca-eb390033ab1a	5	12885569	20339844	4853	0.4413
37e0f3fd-e3ba-47d8-a0ca-eb390033ab1a	5	20347873	20846671	322	0.2048
37e0f3fd-e3ba-47d8-a0ca-eb390033ab1a	5	20858813	21015650	79	0.6568
37e0f3fd-e3ba-47d8-a0ca-eb390033ab1a	5	21015906	21451168	252	0.1387
37e0f3fd-e3ba-47d8-a0ca-eb390033ab1a	5	21451855	21451889	2	-1.9341
37e0f3fd-e3ba-47d8-a0ca-eb390033ab1a	5	21452329	33943487	7790	0.1367
37e0f3fd-e3ba-47d8-a0ca-eb390033ab1a	5	33944112	34741735	444	0.2486
37e0f3fd-e3ba-47d8-a0ca-eb390033ab1a	5	34742426	45009304	6281	0.1269
37e0f3fd-e3ba-47d8-a0ca-eb390033ab1a	5	45017755	46196012	421	0.4693
37e0f3fd-e3ba-47d8-a0ca-eb390033ab1a	5	46199332	46199333	2	-1.4019
37e0f3fd-e3ba-47d8-a0ca-eb390033ab1a	5	46209197	46246558	12	0.5605
37e0f3fd-e3ba-47d8-a0ca-eb390033ab1a	5	46251204	46273400	9	1.3436
37e0f3fd-e3ba-47d8-a0ca-eb390033ab1a	5	46278110	58025819	5075	0.4245
37e0f3fd-e3ba-47d8-a0ca-eb390033ab1a	5	58030200	58037706	32	2.3988
37e0f3fd-e3ba-47d8-a0ca-eb390033ab1a	5	58042530	170736367	70619	0.4135
37e0f3fd-e3ba-47d8-a0ca-eb390033ab1a	5	170736400	181363319	6465	0.4676
37e0f3fd-e3ba-47d8-a0ca-eb390033ab1a	6	149661	24321809	18625	0.1626
37e0f3fd-e3ba-47d8-a0ca-eb390033ab1a	6	24325581	24326057	2	-1.6785
37e0f3fd-e3ba-47d8-a0ca-eb390033ab1a	6	24328478	29903859	3047	0.1724
37e0f3fd-e3ba-47d8-a0ca-eb390033ab1a	6	29906865	29928196	8	-1.1045
37e0f3fd-e3ba-47d8-a0ca-eb390033ab1a	6	29931120	31313046	649	0.1698
37e0f3fd-e3ba-47d8-a0ca-eb390033ab1a	6	31318499	31328674	11	-1.4209
37e0f3fd-e3ba-47d8-a0ca-eb390033ab1a	6	31342147	32485152	501	0.158
37e0f3fd-e3ba-47d8-a0ca-eb390033ab1a	6	32486498	32533522	15	1.662
37e0f3fd-e3ba-47d8-a0ca-eb390033ab1a	6	32540699	54066269	13739	0.1568
37e0f3fd-e3ba-47d8-a0ca-eb390033ab1a	6	54066286	54067057	8	1.6783
37e0f3fd-e3ba-47d8-a0ca-eb390033ab1a	6	54070550	65000836	4465	0.1498
37e0f3fd-e3ba-47d8-a0ca-eb390033ab1a	6	65001506	65003899	3	-3.4962
37e0f3fd-e3ba-47d8-a0ca-eb390033ab1a	6	65007491	65689589	458	0.1602
37e0f3fd-e3ba-47d8-a0ca-eb390033ab1a	6	65689644	65693959	22	-0.8683
37e0f3fd-e3ba-47d8-a0ca-eb390033ab1a	6	65697234	66328153	416	0.1794
37e0f3fd-e3ba-47d8-a0ca-eb390033ab1a	6	66331020	66334366	15	0.6885
37e0f3fd-e3ba-47d8-a0ca-eb390033ab1a	6	66334490	78259388	7782	0.1497
37e0f3fd-e3ba-47d8-a0ca-eb390033ab1a	6	78261980	78345489	127	0.429
37e0f3fd-e3ba-47d8-a0ca-eb390033ab1a	6	78345519	93765426	9889	0.1406
37e0f3fd-e3ba-47d8-a0ca-eb390033ab1a	6	93768888	95386776	784	0.2509
37e0f3fd-e3ba-47d8-a0ca-eb390033ab1a	6	95388284	103286954	4780	0.1166
37e0f3fd-e3ba-47d8-a0ca-eb390033ab1a	6	103290101	103314186	46	-1.0271
37e0f3fd-e3ba-47d8-a0ca-eb390033ab1a	6	103317795	159508621	36131	0.1381
37e0f3fd-e3ba-47d8-a0ca-eb390033ab1a	6	159509124	159645411	112	-0.7911
37e0f3fd-e3ba-47d8-a0ca-eb390033ab1a	6	159646255	159685171	22	0.0902
37e0f3fd-e3ba-47d8-a0ca-eb390033ab1a	6	159691062	160823327	788	-0.7884
37e0f3fd-e3ba-47d8-a0ca-eb390033ab1a	6	160827059	170741917	7103	0.162
37e0f3fd-e3ba-47d8-a0ca-eb390033ab1a	7	43355	10599184	6501	0.185
37e0f3fd-e3ba-47d8-a0ca-eb390033ab1a	7	10599205	11274214	473	0.1213
37e0f3fd-e3ba-47d8-a0ca-eb390033ab1a	7	11276079	11283396	20	0.5931
37e0f3fd-e3ba-47d8-a0ca-eb390033ab1a	7	11283409	17185848	4860	0.1422
37e0f3fd-e3ba-47d8-a0ca-eb390033ab1a	7	17185983	17775778	471	0.2543
37e0f3fd-e3ba-47d8-a0ca-eb390033ab1a	7	17776436	18999826	957	0.1234
37e0f3fd-e3ba-47d8-a0ca-eb390033ab1a	7	18999890	19619410	683	0.237
37e0f3fd-e3ba-47d8-a0ca-eb390033ab1a	7	19620509	38239282	13382	0.1492
37e0f3fd-e3ba-47d8-a0ca-eb390033ab1a	7	38244142	38351764	128	0.3337
37e0f3fd-e3ba-47d8-a0ca-eb390033ab1a	7	38352435	38356875	3	-1.4358
37e0f3fd-e3ba-47d8-a0ca-eb390033ab1a	7	38361356	52095202	9332	0.1547
37e0f3fd-e3ba-47d8-a0ca-eb390033ab1a	7	52095385	52095442	2	-1.6488
37e0f3fd-e3ba-47d8-a0ca-eb390033ab1a	7	52095917	55637873	2756	0.1398
37e0f3fd-e3ba-47d8-a0ca-eb390033ab1a	7	55638360	77093078	7341	0.2019
37e0f3fd-e3ba-47d8-a0ca-eb390033ab1a	7	77105116	85444314	5701	0.142
37e0f3fd-e3ba-47d8-a0ca-eb390033ab1a	7	85445834	85589787	91	0.3486
37e0f3fd-e3ba-47d8-a0ca-eb390033ab1a	7	85590279	88720655	1781	0.1219
37e0f3fd-e3ba-47d8-a0ca-eb390033ab1a	7	88725062	90146435	941	0.2111
37e0f3fd-e3ba-47d8-a0ca-eb390033ab1a	7	90147096	90147556	3	-1.4835
37e0f3fd-e3ba-47d8-a0ca-eb390033ab1a	7	90147717	91578827	1009	0.1588
37e0f3fd-e3ba-47d8-a0ca-eb390033ab1a	7	91589569	91589817	3	-1.457
37e0f3fd-e3ba-47d8-a0ca-eb390033ab1a	7	91595717	91728554	96	0.142
37e0f3fd-e3ba-47d8-a0ca-eb390033ab1a	7	91728979	91729474	5	1.0545
37e0f3fd-e3ba-47d8-a0ca-eb390033ab1a	7	91729639	97766148	3742	0.1353
37e0f3fd-e3ba-47d8-a0ca-eb390033ab1a	7	97766150	97773163	15	-1.8352
37e0f3fd-e3ba-47d8-a0ca-eb390033ab1a	7	97774928	113505196	8981	0.1734
37e0f3fd-e3ba-47d8-a0ca-eb390033ab1a	7	113507462	115942028	1296	0.1121
37e0f3fd-e3ba-47d8-a0ca-eb390033ab1a	7	115943403	115947168	7	-1.2322
37e0f3fd-e3ba-47d8-a0ca-eb390033ab1a	7	115961277	128248636	7615	0.1344
37e0f3fd-e3ba-47d8-a0ca-eb390033ab1a	7	128249611	155186595	16966	0.169
37e0f3fd-e3ba-47d8-a0ca-eb390033ab1a	7	155187078	155352280	97	-0.2549
37e0f3fd-e3ba-47d8-a0ca-eb390033ab1a	7	155355451	158324903	1898	0.1921
37e0f3fd-e3ba-47d8-a0ca-eb390033ab1a	7	158335896	158339473	2	2.2838
37e0f3fd-e3ba-47d8-a0ca-eb390033ab1a	7	158344294	159334314	633	0.1792
37e0f3fd-e3ba-47d8-a0ca-eb390033ab1a	8	81254	643041	320	-0.7008
37e0f3fd-e3ba-47d8-a0ca-eb390033ab1a	8	644944	645908	10	0.5415
37e0f3fd-e3ba-47d8-a0ca-eb390033ab1a	8	656117	1418561	557	-0.7435
37e0f3fd-e3ba-47d8-a0ca-eb390033ab1a	8	1418902	1419436	3	-2.4179
37e0f3fd-e3ba-47d8-a0ca-eb390033ab1a	8	1419522	1536077	99	-0.722
37e0f3fd-e3ba-47d8-a0ca-eb390033ab1a	8	1536169	1538672	5	-3.0467
37e0f3fd-e3ba-47d8-a0ca-eb390033ab1a	8	1539441	1855753	226	-0.7666
37e0f3fd-e3ba-47d8-a0ca-eb390033ab1a	8	1858768	2157903	287	-0.9514
37e0f3fd-e3ba-47d8-a0ca-eb390033ab1a	8	2159625	5746485	4483	-0.7319
37e0f3fd-e3ba-47d8-a0ca-eb390033ab1a	8	5746778	5746805	2	-3.6489
37e0f3fd-e3ba-47d8-a0ca-eb390033ab1a	8	5746973	11987815	4946	-0.741
37e0f3fd-e3ba-47d8-a0ca-eb390033ab1a	8	11987997	12695342	94	-0.3281
37e0f3fd-e3ba-47d8-a0ca-eb390033ab1a	8	12697234	25114672	10329	-0.7429
37e0f3fd-e3ba-47d8-a0ca-eb390033ab1a	8	25116928	25133759	31	-0.0629
37e0f3fd-e3ba-47d8-a0ca-eb390033ab1a	8	25133774	38430945	8471	-0.7344
37e0f3fd-e3ba-47d8-a0ca-eb390033ab1a	8	38432841	38472425	74	-0.3823
37e0f3fd-e3ba-47d8-a0ca-eb390033ab1a	8	38472684	39372664	432	-0.7289
37e0f3fd-e3ba-47d8-a0ca-eb390033ab1a	8	39372806	39529446	60	0.3303
37e0f3fd-e3ba-47d8-a0ca-eb390033ab1a	8	39530780	43931659	2578	-0.7128
37e0f3fd-e3ba-47d8-a0ca-eb390033ab1a	8	45951913	46014827	9	0.9742
37e0f3fd-e3ba-47d8-a0ca-eb390033ab1a	8	46015465	55617808	5639	0.6904
37e0f3fd-e3ba-47d8-a0ca-eb390033ab1a	8	55621939	63936079	5409	1.1412
37e0f3fd-e3ba-47d8-a0ca-eb390033ab1a	8	63936340	63936561	6	2.1398
37e0f3fd-e3ba-47d8-a0ca-eb390033ab1a	8	63936953	66619261	1441	1.1276
37e0f3fd-e3ba-47d8-a0ca-eb390033ab1a	8	66621271	67338193	256	1.2515
37e0f3fd-e3ba-47d8-a0ca-eb390033ab1a	8	67342575	70040504	1849	1.1156
37e0f3fd-e3ba-47d8-a0ca-eb390033ab1a	8	70041692	70042441	4	0.0515
37e0f3fd-e3ba-47d8-a0ca-eb390033ab1a	8	70042470	92007424	13018	1.1416
37e0f3fd-e3ba-47d8-a0ca-eb390033ab1a	8	92007733	92007901	4	-0.0383
37e0f3fd-e3ba-47d8-a0ca-eb390033ab1a	8	92008360	105932301	8541	1.1375
37e0f3fd-e3ba-47d8-a0ca-eb390033ab1a	8	105945597	106378098	272	1.2703
37e0f3fd-e3ba-47d8-a0ca-eb390033ab1a	8	106378113	111279265	2964	1.1309
37e0f3fd-e3ba-47d8-a0ca-eb390033ab1a	8	111282050	111283031	10	2.4147
37e0f3fd-e3ba-47d8-a0ca-eb390033ab1a	8	111288052	111983421	349	1.1332
37e0f3fd-e3ba-47d8-a0ca-eb390033ab1a	8	111983454	111983672	5	0.2183
37e0f3fd-e3ba-47d8-a0ca-eb390033ab1a	8	111983691	114622438	1471	1.1089
37e0f3fd-e3ba-47d8-a0ca-eb390033ab1a	8	114622478	114629502	31	0.2996
37e0f3fd-e3ba-47d8-a0ca-eb390033ab1a	8	114638468	114859222	144	1.2474
37e0f3fd-e3ba-47d8-a0ca-eb390033ab1a	8	114859606	133158243	12902	1.1192
37e0f3fd-e3ba-47d8-a0ca-eb390033ab1a	8	133160540	133161244	11	1.8784
37e0f3fd-e3ba-47d8-a0ca-eb390033ab1a	8	133161292	139988447	5656	1.1206
37e0f3fd-e3ba-47d8-a0ca-eb390033ab1a	8	139989026	143227622	1711	1.1899
37e0f3fd-e3ba-47d8-a0ca-eb390033ab1a	8	143227655	143228447	8	0.1952
37e0f3fd-e3ba-47d8-a0ca-eb390033ab1a	8	143232207	145072769	631	1.1968
37e0f3fd-e3ba-47d8-a0ca-eb390033ab1a	9	46587	1320351	1311	-0.174
37e0f3fd-e3ba-47d8-a0ca-eb390033ab1a	9	1320872	1330872	11	-0.9457
37e0f3fd-e3ba-47d8-a0ca-eb390033ab1a	9	1331350	41451846	29891	-0.1998
37e0f3fd-e3ba-47d8-a0ca-eb390033ab1a	9	41473331	42546668	68	-0.5126
37e0f3fd-e3ba-47d8-a0ca-eb390033ab1a	9	42566207	42720266	14	0.2785
37e0f3fd-e3ba-47d8-a0ca-eb390033ab1a	9	42726239	42752837	8	-0.8889
37e0f3fd-e3ba-47d8-a0ca-eb390033ab1a	9	42756374	61405110	35	-0.0713
37e0f3fd-e3ba-47d8-a0ca-eb390033ab1a	9	61520021	61647899	30	0.4676
37e0f3fd-e3ba-47d8-a0ca-eb390033ab1a	9	61665362	63580418	38	-0.4486
37e0f3fd-e3ba-47d8-a0ca-eb390033ab1a	9	63590317	63590323	4	2.5099
37e0f3fd-e3ba-47d8-a0ca-eb390033ab1a	9	63590325	64480578	52	-0.0669
37e0f3fd-e3ba-47d8-a0ca-eb390033ab1a	9	64493528	72928564	3494	-0.2016
37e0f3fd-e3ba-47d8-a0ca-eb390033ab1a	9	72928923	82997618	7123	-0.2248
37e0f3fd-e3ba-47d8-a0ca-eb390033ab1a	9	82997915	110262509	19347	-0.1915
37e0f3fd-e3ba-47d8-a0ca-eb390033ab1a	9	110265889	110270398	3	-2.0547
37e0f3fd-e3ba-47d8-a0ca-eb390033ab1a	9	110273504	127445170	12300	-0.1942
37e0f3fd-e3ba-47d8-a0ca-eb390033ab1a	9	127445801	133059798	3288	-0.1436
37e0f3fd-e3ba-47d8-a0ca-eb390033ab1a	9	133061625	133082053	11	0.7241
37e0f3fd-e3ba-47d8-a0ca-eb390033ab1a	9	133090275	137361190	1989	-0.1495
37e0f3fd-e3ba-47d8-a0ca-eb390033ab1a	9	137361266	137361381	2	-1.8967
37e0f3fd-e3ba-47d8-a0ca-eb390033ab1a	9	137378551	138200944	406	-0.1378
37e0f3fd-e3ba-47d8-a0ca-eb390033ab1a	10	45792	4951777	4292	-0.2061
37e0f3fd-e3ba-47d8-a0ca-eb390033ab1a	10	4954039	4959834	3	-1.6763
37e0f3fd-e3ba-47d8-a0ca-eb390033ab1a	10	4960326	4982202	11	-0.2135
37e0f3fd-e3ba-47d8-a0ca-eb390033ab1a	10	4982646	5096770	77	-0.7773
37e0f3fd-e3ba-47d8-a0ca-eb390033ab1a	10	5096811	5097694	6	-1.2951
37e0f3fd-e3ba-47d8-a0ca-eb390033ab1a	10	5104061	24083828	14784	-0.1876
37e0f3fd-e3ba-47d8-a0ca-eb390033ab1a	10	24086334	24089125	12	0.7752
37e0f3fd-e3ba-47d8-a0ca-eb390033ab1a	10	24089979	65042239	24836	-0.2042
37e0f3fd-e3ba-47d8-a0ca-eb390033ab1a	10	65043950	65096747	35	0.3738
37e0f3fd-e3ba-47d8-a0ca-eb390033ab1a	10	65096882	133654968	46527	-0.2004
37e0f3fd-e3ba-47d8-a0ca-eb390033ab1a	11	198510	3723935	1408	0.1816
37e0f3fd-e3ba-47d8-a0ca-eb390033ab1a	11	3724361	3889986	106	0.7081
37e0f3fd-e3ba-47d8-a0ca-eb390033ab1a	11	3890911	5766862	1718	0.1521
37e0f3fd-e3ba-47d8-a0ca-eb390033ab1a	11	5768371	5769582	5	-1.2788
37e0f3fd-e3ba-47d8-a0ca-eb390033ab1a	11	5769733	5776622	10	-0.3893
37e0f3fd-e3ba-47d8-a0ca-eb390033ab1a	11	5777663	5787909	15	-0.8435
37e0f3fd-e3ba-47d8-a0ca-eb390033ab1a	11	5788108	6095784	245	0.1749
37e0f3fd-e3ba-47d8-a0ca-eb390033ab1a	11	6096746	6100864	3	-1.0551
37e0f3fd-e3ba-47d8-a0ca-eb390033ab1a	11	6101273	7791493	1251	0.1555
37e0f3fd-e3ba-47d8-a0ca-eb390033ab1a	11	7791913	7810711	6	-0.7904
37e0f3fd-e3ba-47d8-a0ca-eb390033ab1a	11	7815462	12283504	3420	0.1584
37e0f3fd-e3ba-47d8-a0ca-eb390033ab1a	11	12283855	12284890	2	-1.2748
37e0f3fd-e3ba-47d8-a0ca-eb390033ab1a	11	12286237	18927562	4479	0.1471
37e0f3fd-e3ba-47d8-a0ca-eb390033ab1a	11	18927778	18949158	46	0.517
37e0f3fd-e3ba-47d8-a0ca-eb390033ab1a	11	18949201	29045466	7606	0.1404
37e0f3fd-e3ba-47d8-a0ca-eb390033ab1a	11	29046085	29046090	3	-1.1133
37e0f3fd-e3ba-47d8-a0ca-eb390033ab1a	11	29052622	33456384	2785	0.1473
37e0f3fd-e3ba-47d8-a0ca-eb390033ab1a	11	33458597	33459095	2	-1.3947
37e0f3fd-e3ba-47d8-a0ca-eb390033ab1a	11	33459363	35679449	1946	0.1649
37e0f3fd-e3ba-47d8-a0ca-eb390033ab1a	11	35679688	35812883	70	-0.2295
37e0f3fd-e3ba-47d8-a0ca-eb390033ab1a	11	35812964	48576870	8159	0.1486
37e0f3fd-e3ba-47d8-a0ca-eb390033ab1a	11	48579882	48581124	2	-2.0937
37e0f3fd-e3ba-47d8-a0ca-eb390033ab1a	11	48584766	55606572	1178	0.1568
37e0f3fd-e3ba-47d8-a0ca-eb390033ab1a	11	55606712	55685533	57	0.6888
37e0f3fd-e3ba-47d8-a0ca-eb390033ab1a	11	55686100	78692848	11975	0.1797
37e0f3fd-e3ba-47d8-a0ca-eb390033ab1a	11	78694848	83845425	3927	0.1271
37e0f3fd-e3ba-47d8-a0ca-eb390033ab1a	11	83848499	83883620	30	0.6584
37e0f3fd-e3ba-47d8-a0ca-eb390033ab1a	11	83890032	86594771	1825	0.1496
37e0f3fd-e3ba-47d8-a0ca-eb390033ab1a	11	86594775	86594833	2	-2.1527
37e0f3fd-e3ba-47d8-a0ca-eb390033ab1a	11	86594936	89759710	2096	0.1393
37e0f3fd-e3ba-47d8-a0ca-eb390033ab1a	11	89765194	89817056	10	-0.8836
37e0f3fd-e3ba-47d8-a0ca-eb390033ab1a	11	89834373	90098873	14	0.5437
37e0f3fd-e3ba-47d8-a0ca-eb390033ab1a	11	90098900	101723653	8676	0.1267
37e0f3fd-e3ba-47d8-a0ca-eb390033ab1a	11	101727129	101727233	4	1.901
37e0f3fd-e3ba-47d8-a0ca-eb390033ab1a	11	101727481	133462646	22539	0.1462
37e0f3fd-e3ba-47d8-a0ca-eb390033ab1a	11	133469176	134849674	1034	0.1773
37e0f3fd-e3ba-47d8-a0ca-eb390033ab1a	11	134856228	134856831	2	-1.5521
37e0f3fd-e3ba-47d8-a0ca-eb390033ab1a	11	134858718	135074876	150	0.1612
37e0f3fd-e3ba-47d8-a0ca-eb390033ab1a	12	51460	71531	5	-0.0431
37e0f3fd-e3ba-47d8-a0ca-eb390033ab1a	12	81888	2141912	1253	-0.7202
37e0f3fd-e3ba-47d8-a0ca-eb390033ab1a	12	2142145	2148938	33	-0.2014
37e0f3fd-e3ba-47d8-a0ca-eb390033ab1a	12	2149240	5569702	2749	-0.7667
37e0f3fd-e3ba-47d8-a0ca-eb390033ab1a	12	5569812	5571758	4	-2.8461
37e0f3fd-e3ba-47d8-a0ca-eb390033ab1a	12	5571995	8406040	1508	-0.6909
37e0f3fd-e3ba-47d8-a0ca-eb390033ab1a	12	8406196	8432076	16	0.18
37e0f3fd-e3ba-47d8-a0ca-eb390033ab1a	12	8442298	9474642	555	-0.7348
37e0f3fd-e3ba-47d8-a0ca-eb390033ab1a	12	9477960	9582373	26	0.304
37e0f3fd-e3ba-47d8-a0ca-eb390033ab1a	12	9582374	28190100	12875	-0.7549
37e0f3fd-e3ba-47d8-a0ca-eb390033ab1a	12	28190305	33233822	3725	-0.1775
37e0f3fd-e3ba-47d8-a0ca-eb390033ab1a	12	33235894	33242207	4	-3.2964
37e0f3fd-e3ba-47d8-a0ca-eb390033ab1a	12	33242483	34369287	663	-0.1429
37e0f3fd-e3ba-47d8-a0ca-eb390033ab1a	12	34370748	37999507	181	0.0595
37e0f3fd-e3ba-47d8-a0ca-eb390033ab1a	12	37999858	46577253	5297	-0.2046
37e0f3fd-e3ba-47d8-a0ca-eb390033ab1a	12	46578362	57506558	6106	-0.1689
37e0f3fd-e3ba-47d8-a0ca-eb390033ab1a	12	57510648	63711417	3974	-0.2296
37e0f3fd-e3ba-47d8-a0ca-eb390033ab1a	12	63716253	63742874	11	-0.904
37e0f3fd-e3ba-47d8-a0ca-eb390033ab1a	12	63749408	70478895	4468	-0.2228
37e0f3fd-e3ba-47d8-a0ca-eb390033ab1a	12	70482534	70483970	4	-2.6999
37e0f3fd-e3ba-47d8-a0ca-eb390033ab1a	12	70483985	70484247	4	-0.997
37e0f3fd-e3ba-47d8-a0ca-eb390033ab1a	12	70485605	79722185	5913	-0.23
37e0f3fd-e3ba-47d8-a0ca-eb390033ab1a	12	79723876	79726333	2	-2.3633
37e0f3fd-e3ba-47d8-a0ca-eb390033ab1a	12	79736456	95051484	9568	-0.2398
37e0f3fd-e3ba-47d8-a0ca-eb390033ab1a	12	95052094	96777954	1164	0.1744
37e0f3fd-e3ba-47d8-a0ca-eb390033ab1a	12	96778360	99381759	1851	0.1347
37e0f3fd-e3ba-47d8-a0ca-eb390033ab1a	12	99382559	133201603	22740	0.188
37e0f3fd-e3ba-47d8-a0ca-eb390033ab1a	13	18452809	22504933	2474	0.1678
37e0f3fd-e3ba-47d8-a0ca-eb390033ab1a	13	22504969	23599567	798	-0.7613
37e0f3fd-e3ba-47d8-a0ca-eb390033ab1a	13	23605314	23606063	2	-3.3733
37e0f3fd-e3ba-47d8-a0ca-eb390033ab1a	13	23606179	26855499	2418	-0.7519
37e0f3fd-e3ba-47d8-a0ca-eb390033ab1a	13	26855867	26858162	3	-4.2628
37e0f3fd-e3ba-47d8-a0ca-eb390033ab1a	13	26858576	26954210	101	-0.8437
37e0f3fd-e3ba-47d8-a0ca-eb390033ab1a	13	26954537	26955121	2	-4.0358
37e0f3fd-e3ba-47d8-a0ca-eb390033ab1a	13	26955735	54216262	18589	-0.7666
37e0f3fd-e3ba-47d8-a0ca-eb390033ab1a	13	54217533	54220220	3	1.2657
37e0f3fd-e3ba-47d8-a0ca-eb390033ab1a	13	54220270	58010656	1978	-0.7366
37e0f3fd-e3ba-47d8-a0ca-eb390033ab1a	13	58016147	58019138	3	-2.5967
37e0f3fd-e3ba-47d8-a0ca-eb390033ab1a	13	58019212	58725719	426	-0.7512
37e0f3fd-e3ba-47d8-a0ca-eb390033ab1a	13	58725860	58729993	3	-4.2954
37e0f3fd-e3ba-47d8-a0ca-eb390033ab1a	13	58730112	64788300	3618	-0.7631
37e0f3fd-e3ba-47d8-a0ca-eb390033ab1a	13	64789855	107245262	28691	0.1386
37e0f3fd-e3ba-47d8-a0ca-eb390033ab1a	13	107248689	107249633	2	-2.5974
37e0f3fd-e3ba-47d8-a0ca-eb390033ab1a	13	107249799	107882578	574	0.1327
37e0f3fd-e3ba-47d8-a0ca-eb390033ab1a	13	107883341	107883680	2	-2.6839
37e0f3fd-e3ba-47d8-a0ca-eb390033ab1a	13	107884410	110020621	1691	0.1619
37e0f3fd-e3ba-47d8-a0ca-eb390033ab1a	13	110021267	110021301	2	-1.7863
37e0f3fd-e3ba-47d8-a0ca-eb390033ab1a	13	110022432	114342922	2628	0.1573
37e0f3fd-e3ba-47d8-a0ca-eb390033ab1a	14	18239283	21937218	1537	-0.1552
37e0f3fd-e3ba-47d8-a0ca-eb390033ab1a	14	21940575	22509533	495	-0.0112
37e0f3fd-e3ba-47d8-a0ca-eb390033ab1a	14	22509594	41141487	11722	-0.2003
37e0f3fd-e3ba-47d8-a0ca-eb390033ab1a	14	41145917	41168612	10	0.6402
37e0f3fd-e3ba-47d8-a0ca-eb390033ab1a	14	41184774	78095965	23349	-0.1972
37e0f3fd-e3ba-47d8-a0ca-eb390033ab1a	14	78099219	85994911	5363	-0.2323
37e0f3fd-e3ba-47d8-a0ca-eb390033ab1a	14	85997854	106877229	12879	-0.1835
37e0f3fd-e3ba-47d8-a0ca-eb390033ab1a	15	19811075	24429740	1200	-0.1675
37e0f3fd-e3ba-47d8-a0ca-eb390033ab1a	15	24429986	24473026	31	-1.565
37e0f3fd-e3ba-47d8-a0ca-eb390033ab1a	15	24473449	45323631	12671	-0.1781
37e0f3fd-e3ba-47d8-a0ca-eb390033ab1a	15	45327325	45405377	51	0.1792
37e0f3fd-e3ba-47d8-a0ca-eb390033ab1a	15	45412539	76575886	19934	-0.1806
37e0f3fd-e3ba-47d8-a0ca-eb390033ab1a	15	76577448	76603434	25	0.4923
37e0f3fd-e3ba-47d8-a0ca-eb390033ab1a	15	76609838	83874498	4416	-0.1792
37e0f3fd-e3ba-47d8-a0ca-eb390033ab1a	15	83874650	83874798	3	-1.5248
37e0f3fd-e3ba-47d8-a0ca-eb390033ab1a	15	83878525	92222525	5760	-0.174
37e0f3fd-e3ba-47d8-a0ca-eb390033ab1a	15	92222644	92223064	3	1.5069
37e0f3fd-e3ba-47d8-a0ca-eb390033ab1a	15	92223528	101928837	7416	-0.1845
37e0f3fd-e3ba-47d8-a0ca-eb390033ab1a	16	10777	14895982	11101	-0.1641
37e0f3fd-e3ba-47d8-a0ca-eb390033ab1a	16	14954911	15031584	53	-0.7922
37e0f3fd-e3ba-47d8-a0ca-eb390033ab1a	16	15033033	21368130	3218	-0.1591
37e0f3fd-e3ba-47d8-a0ca-eb390033ab1a	16	21401082	21580019	22	-0.9785
37e0f3fd-e3ba-47d8-a0ca-eb390033ab1a	16	21582134	22430699	362	-0.1118
37e0f3fd-e3ba-47d8-a0ca-eb390033ab1a	16	22546611	22699421	70	-1.1606
37e0f3fd-e3ba-47d8-a0ca-eb390033ab1a	16	22701658	32169655	5120	-0.1518
37e0f3fd-e3ba-47d8-a0ca-eb390033ab1a	16	32197425	33043337	39	-0.5968
37e0f3fd-e3ba-47d8-a0ca-eb390033ab1a	16	33045427	35740988	389	-0.1684
37e0f3fd-e3ba-47d8-a0ca-eb390033ab1a	16	35755003	35761341	4	-1.3481
37e0f3fd-e3ba-47d8-a0ca-eb390033ab1a	16	35780702	77160222	19563	-0.1805
37e0f3fd-e3ba-47d8-a0ca-eb390033ab1a	16	77167588	77194732	16	0.435
37e0f3fd-e3ba-47d8-a0ca-eb390033ab1a	16	77194969	78339440	1238	-0.1703
37e0f3fd-e3ba-47d8-a0ca-eb390033ab1a	16	78339867	78350868	13	0.6883
37e0f3fd-e3ba-47d8-a0ca-eb390033ab1a	16	78351104	84602941	6852	-0.184
37e0f3fd-e3ba-47d8-a0ca-eb390033ab1a	16	84603175	84604886	2	-2.1311
37e0f3fd-e3ba-47d8-a0ca-eb390033ab1a	16	84607130	88083424	2920	-0.1646
37e0f3fd-e3ba-47d8-a0ca-eb390033ab1a	16	88087823	88094079	3	-1.6463
37e0f3fd-e3ba-47d8-a0ca-eb390033ab1a	16	88096795	90096867	826	-0.1873
37e0f3fd-e3ba-47d8-a0ca-eb390033ab1a	17	150733	999082	465	-0.6999
37e0f3fd-e3ba-47d8-a0ca-eb390033ab1a	17	1000579	1004385	2	-3.5355
37e0f3fd-e3ba-47d8-a0ca-eb390033ab1a	17	1004667	17574070	10419	-0.7179
37e0f3fd-e3ba-47d8-a0ca-eb390033ab1a	17	17575038	18455632	451	-0.1631
37e0f3fd-e3ba-47d8-a0ca-eb390033ab1a	17	18455635	18466439	6	0.6455
37e0f3fd-e3ba-47d8-a0ca-eb390033ab1a	17	18468936	18529764	11	0.1372
37e0f3fd-e3ba-47d8-a0ca-eb390033ab1a	17	18537646	18561907	8	0.6141
37e0f3fd-e3ba-47d8-a0ca-eb390033ab1a	17	18565883	41265456	9386	-0.1603
37e0f3fd-e3ba-47d8-a0ca-eb390033ab1a	17	41266762	41274279	24	0.9469
37e0f3fd-e3ba-47d8-a0ca-eb390033ab1a	17	41276472	44892360	1882	-0.142
37e0f3fd-e3ba-47d8-a0ca-eb390033ab1a	17	44895089	46137998	655	0.2018
37e0f3fd-e3ba-47d8-a0ca-eb390033ab1a	17	46138108	46323701	87	-0.1724
37e0f3fd-e3ba-47d8-a0ca-eb390033ab1a	17	46351954	83091923	21572	0.198
37e0f3fd-e3ba-47d8-a0ca-eb390033ab1a	18	48133	67286412	41107	-0.2001
37e0f3fd-e3ba-47d8-a0ca-eb390033ab1a	18	67291970	67300028	21	-1.9688
37e0f3fd-e3ba-47d8-a0ca-eb390033ab1a	18	67300481	70369880	2329	-0.217
37e0f3fd-e3ba-47d8-a0ca-eb390033ab1a	18	70370047	70376858	5	-1.527
37e0f3fd-e3ba-47d8-a0ca-eb390033ab1a	18	70377073	80257174	7245	-0.1901
37e0f3fd-e3ba-47d8-a0ca-eb390033ab1a	19	90910	29753071	12810	-0.1316
37e0f3fd-e3ba-47d8-a0ca-eb390033ab1a	19	29753573	29757457	5	-1.5796
37e0f3fd-e3ba-47d8-a0ca-eb390033ab1a	19	29757522	30552899	575	-0.155
37e0f3fd-e3ba-47d8-a0ca-eb390033ab1a	19	30555649	30874556	233	-0.2401
37e0f3fd-e3ba-47d8-a0ca-eb390033ab1a	19	30875525	30879887	3	-1.3673
37e0f3fd-e3ba-47d8-a0ca-eb390033ab1a	19	30881872	31779425	679	-0.2115
37e0f3fd-e3ba-47d8-a0ca-eb390033ab1a	19	31780093	40846832	5177	-0.1379
37e0f3fd-e3ba-47d8-a0ca-eb390033ab1a	19	40854267	40870114	20	-0.9571
37e0f3fd-e3ba-47d8-a0ca-eb390033ab1a	19	40886250	43193181	1073	-0.1493
37e0f3fd-e3ba-47d8-a0ca-eb390033ab1a	19	43198881	43249358	21	-0.6817
37e0f3fd-e3ba-47d8-a0ca-eb390033ab1a	19	43252085	51628545	4141	-0.1379
37e0f3fd-e3ba-47d8-a0ca-eb390033ab1a	19	51628560	51644944	12	-2.0247
37e0f3fd-e3ba-47d8-a0ca-eb390033ab1a	19	51651652	58586487	4329	-0.1546
37e0f3fd-e3ba-47d8-a0ca-eb390033ab1a	20	80664	1580353	1203	-0.1563
37e0f3fd-e3ba-47d8-a0ca-eb390033ab1a	20	1580934	1613247	41	1.745
37e0f3fd-e3ba-47d8-a0ca-eb390033ab1a	20	1617300	64324800	41107	-0.1794
37e0f3fd-e3ba-47d8-a0ca-eb390033ab1a	21	10354168	13028693	97	0.1554
37e0f3fd-e3ba-47d8-a0ca-eb390033ab1a	21	13080541	46677045	23744	-0.1917
37e0f3fd-e3ba-47d8-a0ca-eb390033ab1a	22	15294547	23981995	4393	-0.1293
37e0f3fd-e3ba-47d8-a0ca-eb390033ab1a	22	23988078	23989773	2	-2.6993
37e0f3fd-e3ba-47d8-a0ca-eb390033ab1a	22	23990431	38967614	10828	-0.1487
37e0f3fd-e3ba-47d8-a0ca-eb390033ab1a	22	38967679	38979302	23	-1.7051
37e0f3fd-e3ba-47d8-a0ca-eb390033ab1a	22	38993700	49035032	6911	-0.15
37e0f3fd-e3ba-47d8-a0ca-eb390033ab1a	22	49035104	49463940	445	-0.271
37e0f3fd-e3ba-47d8-a0ca-eb390033ab1a	22	49466321	50796027	645	-0.1498
37e0f3fd-e3ba-47d8-a0ca-eb390033ab1a	X	251810	5770007	2305	0.0224
37e0f3fd-e3ba-47d8-a0ca-eb390033ab1a	X	5775495	5775941	4	-3.3674
37e0f3fd-e3ba-47d8-a0ca-eb390033ab1a	X	5775991	111572119	55218	0.0224
37e0f3fd-e3ba-47d8-a0ca-eb390033ab1a	X	111577729	111578496	2	-5.0207
37e0f3fd-e3ba-47d8-a0ca-eb390033ab1a	X	111580906	124939419	7771	0.0138
37e0f3fd-e3ba-47d8-a0ca-eb390033ab1a	X	124941359	125015986	57	-2.9455
37e0f3fd-e3ba-47d8-a0ca-eb390033ab1a	X	125017709	135635290	5698	0.015
37e0f3fd-e3ba-47d8-a0ca-eb390033ab1a	X	135635498	135706940	47	1.2278
37e0f3fd-e3ba-47d8-a0ca-eb390033ab1a	X	135707290	155952689	12208	0.0089
37e0f3fd-e3ba-47d8-a0ca-eb390033ab1a	Y	2782397	22390215	6430	-1.0066
37e0f3fd-e3ba-47d8-a0ca-eb390033ab1a	Y	22427135	25692987	35	-0.4933
37e0f3fd-e3ba-47d8-a0ca-eb390033ab1a	Y	25968161	56872112	174	-0.9911
