GDC_Aliquot	Chromosome	Start	End	Num_Probes	Segment_Mean
8b50b805-0ecd-46f5-b986-aa9d1ba0831f	1	3301765	247650984	129760	0.0004
8b50b805-0ecd-46f5-b986-aa9d1ba0831f	2	480597	9808346	5787	0.0102
8b50b805-0ecd-46f5-b986-aa9d1ba0831f	2	9809447	9810242	3	-1.5053
8b50b805-0ecd-46f5-b986-aa9d1ba0831f	2	9813820	70029123	35550	0.0044
8b50b805-0ecd-46f5-b986-aa9d1ba0831f	2	70031855	70032363	3	-0.9245
8b50b805-0ecd-46f5-b986-aa9d1ba0831f	2	70036199	76542146	3636	0.0025
8b50b805-0ecd-46f5-b986-aa9d1ba0831f	2	76552672	76572000	7	-0.9465
8b50b805-0ecd-46f5-b986-aa9d1ba0831f	2	76580922	221887086	75389	0.0053
8b50b805-0ecd-46f5-b986-aa9d1ba0831f	2	221889381	221894838	4	-1.11
8b50b805-0ecd-46f5-b986-aa9d1ba0831f	2	221895559	241537572	11830	0.0033
8b50b805-0ecd-46f5-b986-aa9d1ba0831f	3	2170634	10517554	4836	0.0046
8b50b805-0ecd-46f5-b986-aa9d1ba0831f	3	10519258	10520849	2	-1.5264
8b50b805-0ecd-46f5-b986-aa9d1ba0831f	3	10523441	65061928	31955	0.0024
8b50b805-0ecd-46f5-b986-aa9d1ba0831f	3	65061958	65062362	2	-1.3193
8b50b805-0ecd-46f5-b986-aa9d1ba0831f	3	65066087	65446355	334	-0.0061
8b50b805-0ecd-46f5-b986-aa9d1ba0831f	3	65446789	65446808	2	-1.1371
8b50b805-0ecd-46f5-b986-aa9d1ba0831f	3	65448972	80884445	9563	-0.0025
8b50b805-0ecd-46f5-b986-aa9d1ba0831f	3	80886020	80887429	3	-1.267
8b50b805-0ecd-46f5-b986-aa9d1ba0831f	3	80890988	197812401	60481	0.0033
8b50b805-0ecd-46f5-b986-aa9d1ba0831f	4	1059384	36534634	21978	0.0017
8b50b805-0ecd-46f5-b986-aa9d1ba0831f	4	36538381	36538411	2	-1.44
8b50b805-0ecd-46f5-b986-aa9d1ba0831f	4	36544419	39205698	1886	-0.0025
8b50b805-0ecd-46f5-b986-aa9d1ba0831f	4	39208967	39210064	2	-1.2461
8b50b805-0ecd-46f5-b986-aa9d1ba0831f	4	39210390	57634986	8283	0.0016
8b50b805-0ecd-46f5-b986-aa9d1ba0831f	4	57635142	57635246	3	-0.9563
8b50b805-0ecd-46f5-b986-aa9d1ba0831f	4	57639758	60483928	1644	0.0017
8b50b805-0ecd-46f5-b986-aa9d1ba0831f	4	60485425	60486464	2	-1.3006
8b50b805-0ecd-46f5-b986-aa9d1ba0831f	4	60486811	111043051	28100	0.001
8b50b805-0ecd-46f5-b986-aa9d1ba0831f	4	111043145	111043496	4	-0.8891
8b50b805-0ecd-46f5-b986-aa9d1ba0831f	4	111044539	187842528	41595	0.0019
8b50b805-0ecd-46f5-b986-aa9d1ba0831f	5	913983	17462220	10901	-0.002
8b50b805-0ecd-46f5-b986-aa9d1ba0831f	5	17747964	17805789	62	-1.0687
8b50b805-0ecd-46f5-b986-aa9d1ba0831f	5	17810843	135486593	62140	0.0009
8b50b805-0ecd-46f5-b986-aa9d1ba0831f	5	135489795	135489993	2	-2.9358
8b50b805-0ecd-46f5-b986-aa9d1ba0831f	5	135492523	173001547	23795	0.0018
8b50b805-0ecd-46f5-b986-aa9d1ba0831f	5	173003677	173010638	5	-1.0247
8b50b805-0ecd-46f5-b986-aa9d1ba0831f	5	173011703	180934240	4204	0.0039
8b50b805-0ecd-46f5-b986-aa9d1ba0831f	6	1011760	145256409	82006	0.0011
8b50b805-0ecd-46f5-b986-aa9d1ba0831f	6	145256510	145257320	2	-1.2561
8b50b805-0ecd-46f5-b986-aa9d1ba0831f	6	145259422	148392567	2017	0.0148
8b50b805-0ecd-46f5-b986-aa9d1ba0831f	6	148393488	148401973	2	-1.4044
8b50b805-0ecd-46f5-b986-aa9d1ba0831f	6	148402609	170596889	13141	0.0051
8b50b805-0ecd-46f5-b986-aa9d1ba0831f	7	664936	3762998	1146	-0.0044
8b50b805-0ecd-46f5-b986-aa9d1ba0831f	7	3766579	3766898	2	-1.2036
8b50b805-0ecd-46f5-b986-aa9d1ba0831f	7	3767918	7516194	1521	0.0115
8b50b805-0ecd-46f5-b986-aa9d1ba0831f	7	7518409	7518634	2	-1.2823
8b50b805-0ecd-46f5-b986-aa9d1ba0831f	7	7522447	75626698	35601	0.0044
8b50b805-0ecd-46f5-b986-aa9d1ba0831f	7	75630440	75631353	3	-1.1212
8b50b805-0ecd-46f5-b986-aa9d1ba0831f	7	75631392	102171122	13386	0.0017
8b50b805-0ecd-46f5-b986-aa9d1ba0831f	7	102175051	102175356	2	-1.405
8b50b805-0ecd-46f5-b986-aa9d1ba0831f	7	102176035	126079078	12799	0.0035
8b50b805-0ecd-46f5-b986-aa9d1ba0831f	7	126079396	126079402	2	-1.2042
8b50b805-0ecd-46f5-b986-aa9d1ba0831f	7	126081764	158592540	17468	0.0054
8b50b805-0ecd-46f5-b986-aa9d1ba0831f	8	667625	144182542	82217	0.0013
8b50b805-0ecd-46f5-b986-aa9d1ba0831f	9	789794	138044505	68474	0.0012
8b50b805-0ecd-46f5-b986-aa9d1ba0831f	10	366509	17480443	12572	-0.0088
8b50b805-0ecd-46f5-b986-aa9d1ba0831f	10	17480684	17480700	2	-1.3838
8b50b805-0ecd-46f5-b986-aa9d1ba0831f	10	17481042	133411599	68725	0.0002
8b50b805-0ecd-46f5-b986-aa9d1ba0831f	11	456012	134272740	77584	0.0027
8b50b805-0ecd-46f5-b986-aa9d1ba0831f	12	780472	132605822	74347	0.0021
8b50b805-0ecd-46f5-b986-aa9d1ba0831f	13	18874255	32367536	8277	-0.0004
8b50b805-0ecd-46f5-b986-aa9d1ba0831f	13	32367551	32371795	2	-1.3959
8b50b805-0ecd-46f5-b986-aa9d1ba0831f	13	32373678	68558328	19791	-0.0026
8b50b805-0ecd-46f5-b986-aa9d1ba0831f	13	68565286	68565738	7	-0.6895
8b50b805-0ecd-46f5-b986-aa9d1ba0831f	13	68568076	114226675	28917	0.0019
8b50b805-0ecd-46f5-b986-aa9d1ba0831f	14	20033191	103895954	49346	-0.0001
8b50b805-0ecd-46f5-b986-aa9d1ba0831f	14	103900849	103901391	2	-1.2198
8b50b805-0ecd-46f5-b986-aa9d1ba0831f	14	103902012	105533894	433	-0.005
8b50b805-0ecd-46f5-b986-aa9d1ba0831f	15	23437561	101344124	44793	0.0021
8b50b805-0ecd-46f5-b986-aa9d1ba0831f	16	603333	20586231	9228	0.0011
8b50b805-0ecd-46f5-b986-aa9d1ba0831f	16	20595007	20604353	6	0.791
8b50b805-0ecd-46f5-b986-aa9d1ba0831f	16	20622023	83760390	29282	0.0026
8b50b805-0ecd-46f5-b986-aa9d1ba0831f	16	83760392	83760401	2	-1.6412
8b50b805-0ecd-46f5-b986-aa9d1ba0831f	16	83760419	89317317	2698	0.0049
8b50b805-0ecd-46f5-b986-aa9d1ba0831f	17	1074619	82959812	37293	0.0006
8b50b805-0ecd-46f5-b986-aa9d1ba0831f	18	326691	66976937	36698	0.0002
8b50b805-0ecd-46f5-b986-aa9d1ba0831f	18	66978926	67010720	16	0.5568
8b50b805-0ecd-46f5-b986-aa9d1ba0831f	18	67014755	79349796	6252	0.0046
8b50b805-0ecd-46f5-b986-aa9d1ba0831f	19	283868	58370362	24154	0.0016
8b50b805-0ecd-46f5-b986-aa9d1ba0831f	20	472817	14289450	8860	0.001
8b50b805-0ecd-46f5-b986-aa9d1ba0831f	20	14291481	14296040	2	-1.1918
8b50b805-0ecd-46f5-b986-aa9d1ba0831f	20	14299785	31449137	8201	0.0001
8b50b805-0ecd-46f5-b986-aa9d1ba0831f	20	31452707	31461069	6	-0.6285
8b50b805-0ecd-46f5-b986-aa9d1ba0831f	20	31465102	39405820	4137	0.0048
8b50b805-0ecd-46f5-b986-aa9d1ba0831f	20	39410348	39413403	3	-1.1142
8b50b805-0ecd-46f5-b986-aa9d1ba0831f	20	39417485	46267140	4547	0.0047
8b50b805-0ecd-46f5-b986-aa9d1ba0831f	20	46269102	46269251	2	-1.921
8b50b805-0ecd-46f5-b986-aa9d1ba0831f	20	46270491	63588502	11803	0.0052
8b50b805-0ecd-46f5-b986-aa9d1ba0831f	21	13974127	24213071	6276	-0.0001
8b50b805-0ecd-46f5-b986-aa9d1ba0831f	21	24215936	24216026	3	-1.3743
8b50b805-0ecd-46f5-b986-aa9d1ba0831f	21	24216643	46262057	14320	0.0035
8b50b805-0ecd-46f5-b986-aa9d1ba0831f	22	16934932	48940621	17094	0.0001
8b50b805-0ecd-46f5-b986-aa9d1ba0831f	X	3236359	13853883	3996	-0.0026
8b50b805-0ecd-46f5-b986-aa9d1ba0831f	X	13854003	13854349	3	-3.0405
8b50b805-0ecd-46f5-b986-aa9d1ba0831f	X	13856180	79841790	26054	0.01
8b50b805-0ecd-46f5-b986-aa9d1ba0831f	X	79842702	79844341	2	-5.3043
8b50b805-0ecd-46f5-b986-aa9d1ba0831f	X	79849126	155677414	33730	0.0124
