GDC_Aliquot	Chromosome	Start	End	Num_Probes	Segment_Mean
8dd570dd-2a44-4d3d-bcf2-d9c5c21d00f9	1	3301765	55785707	28262	0.0033
8dd570dd-2a44-4d3d-bcf2-d9c5c21d00f9	1	55792696	55827469	30	0.5462
8dd570dd-2a44-4d3d-bcf2-d9c5c21d00f9	1	55829348	87233893	20119	-0.0012
8dd570dd-2a44-4d3d-bcf2-d9c5c21d00f9	1	87237285	87239700	8	-1.1169
8dd570dd-2a44-4d3d-bcf2-d9c5c21d00f9	1	87243121	247650984	81057	0.0018
8dd570dd-2a44-4d3d-bcf2-d9c5c21d00f9	2	480597	145900182	76793	0.0034
8dd570dd-2a44-4d3d-bcf2-d9c5c21d00f9	2	145907622	145908689	2	-2.1771
8dd570dd-2a44-4d3d-bcf2-d9c5c21d00f9	2	145908860	193722432	27110	0.0069
8dd570dd-2a44-4d3d-bcf2-d9c5c21d00f9	2	193724639	193733648	7	-1.0391
8dd570dd-2a44-4d3d-bcf2-d9c5c21d00f9	2	193737212	230912395	21841	0.0103
8dd570dd-2a44-4d3d-bcf2-d9c5c21d00f9	2	230912836	230913055	2	-1.5502
8dd570dd-2a44-4d3d-bcf2-d9c5c21d00f9	2	230913581	241537572	6229	0.0076
8dd570dd-2a44-4d3d-bcf2-d9c5c21d00f9	3	2170634	170801846	93068	0.0017
8dd570dd-2a44-4d3d-bcf2-d9c5c21d00f9	3	170804047	170833713	18	0.6177
8dd570dd-2a44-4d3d-bcf2-d9c5c21d00f9	3	170834686	181217584	5282	-0.0004
8dd570dd-2a44-4d3d-bcf2-d9c5c21d00f9	3	181220309	181225348	7	-0.8341
8dd570dd-2a44-4d3d-bcf2-d9c5c21d00f9	3	181239123	186849637	2727	0.002
8dd570dd-2a44-4d3d-bcf2-d9c5c21d00f9	3	186850494	186859338	15	0.5654
8dd570dd-2a44-4d3d-bcf2-d9c5c21d00f9	3	186860325	197812401	5891	0.0045
8dd570dd-2a44-4d3d-bcf2-d9c5c21d00f9	4	1059384	5815967	2403	0.0006
8dd570dd-2a44-4d3d-bcf2-d9c5c21d00f9	4	5817427	5817557	2	-1.9893
8dd570dd-2a44-4d3d-bcf2-d9c5c21d00f9	4	5817654	29171694	15280	0.001
8dd570dd-2a44-4d3d-bcf2-d9c5c21d00f9	4	29179931	29180476	2	-1.5391
8dd570dd-2a44-4d3d-bcf2-d9c5c21d00f9	4	29180581	52137599	10803	0.0037
8dd570dd-2a44-4d3d-bcf2-d9c5c21d00f9	4	52138506	52139008	2	-1.7386
8dd570dd-2a44-4d3d-bcf2-d9c5c21d00f9	4	52141824	110472535	32956	0.0009
8dd570dd-2a44-4d3d-bcf2-d9c5c21d00f9	4	110475372	110475792	2	-1.7461
8dd570dd-2a44-4d3d-bcf2-d9c5c21d00f9	4	110477052	187842528	41865	-0.0004
8dd570dd-2a44-4d3d-bcf2-d9c5c21d00f9	5	913983	95230802	50545	0.0016
8dd570dd-2a44-4d3d-bcf2-d9c5c21d00f9	5	95236087	95237226	3	-1.9218
8dd570dd-2a44-4d3d-bcf2-d9c5c21d00f9	5	95237881	180934240	50395	0.0013
8dd570dd-2a44-4d3d-bcf2-d9c5c21d00f9	6	1011760	4574891	2512	-0.0041
8dd570dd-2a44-4d3d-bcf2-d9c5c21d00f9	6	4575676	4581489	4	-1.5749
8dd570dd-2a44-4d3d-bcf2-d9c5c21d00f9	6	4581494	31204878	16832	0.0056
8dd570dd-2a44-4d3d-bcf2-d9c5c21d00f9	6	31208262	31208825	2	1.6481
8dd570dd-2a44-4d3d-bcf2-d9c5c21d00f9	6	31210138	170596889	77652	0.0046
8dd570dd-2a44-4d3d-bcf2-d9c5c21d00f9	7	664936	40174597	23004	-0.001
8dd570dd-2a44-4d3d-bcf2-d9c5c21d00f9	7	40175592	40219954	28	0.5835
8dd570dd-2a44-4d3d-bcf2-d9c5c21d00f9	7	40223821	158592540	58784	0.001
8dd570dd-2a44-4d3d-bcf2-d9c5c21d00f9	8	667625	144182542	82073	0.0016
8dd570dd-2a44-4d3d-bcf2-d9c5c21d00f9	9	789794	138044505	68363	-0.0004
8dd570dd-2a44-4d3d-bcf2-d9c5c21d00f9	10	366509	30944103	21620	0.0034
8dd570dd-2a44-4d3d-bcf2-d9c5c21d00f9	10	30957229	30978973	27	-0.7166
8dd570dd-2a44-4d3d-bcf2-d9c5c21d00f9	10	30979829	133411599	59493	0.0011
8dd570dd-2a44-4d3d-bcf2-d9c5c21d00f9	11	456012	26339913	16706	-0.003
8dd570dd-2a44-4d3d-bcf2-d9c5c21d00f9	11	26342749	26345172	2	-1.7145
8dd570dd-2a44-4d3d-bcf2-d9c5c21d00f9	11	26345232	123812391	53610	0.0006
8dd570dd-2a44-4d3d-bcf2-d9c5c21d00f9	11	123812566	123812839	2	-1.7801
8dd570dd-2a44-4d3d-bcf2-d9c5c21d00f9	11	123816297	134272740	7131	0.0028
8dd570dd-2a44-4d3d-bcf2-d9c5c21d00f9	12	780472	132605822	74211	0.002
8dd570dd-2a44-4d3d-bcf2-d9c5c21d00f9	13	18874255	114226675	56874	0.0028
8dd570dd-2a44-4d3d-bcf2-d9c5c21d00f9	14	20033191	27398580	3634	0.003
8dd570dd-2a44-4d3d-bcf2-d9c5c21d00f9	14	27399274	27507409	51	-0.8739
8dd570dd-2a44-4d3d-bcf2-d9c5c21d00f9	14	27507968	38840075	6666	-0.0016
8dd570dd-2a44-4d3d-bcf2-d9c5c21d00f9	14	38841818	38863301	12	-1.178
8dd570dd-2a44-4d3d-bcf2-d9c5c21d00f9	14	38865374	105533894	39335	0.001
8dd570dd-2a44-4d3d-bcf2-d9c5c21d00f9	15	23437561	101344124	44708	0
8dd570dd-2a44-4d3d-bcf2-d9c5c21d00f9	16	603333	53175083	18211	0.0032
8dd570dd-2a44-4d3d-bcf2-d9c5c21d00f9	16	53177717	53177940	2	-2.6236
8dd570dd-2a44-4d3d-bcf2-d9c5c21d00f9	16	53178250	89317317	22941	0.0007
8dd570dd-2a44-4d3d-bcf2-d9c5c21d00f9	17	1074619	38769230	14904	-0.0016
8dd570dd-2a44-4d3d-bcf2-d9c5c21d00f9	17	38769928	38772885	2	-1.8733
8dd570dd-2a44-4d3d-bcf2-d9c5c21d00f9	17	38772947	82959812	22329	0.0021
8dd570dd-2a44-4d3d-bcf2-d9c5c21d00f9	18	326691	5947124	2994	-0.0029
8dd570dd-2a44-4d3d-bcf2-d9c5c21d00f9	18	5947875	5948061	2	-1.9811
8dd570dd-2a44-4d3d-bcf2-d9c5c21d00f9	18	5948488	79349796	39875	0.0014
8dd570dd-2a44-4d3d-bcf2-d9c5c21d00f9	19	283868	58370362	24118	0.0013
8dd570dd-2a44-4d3d-bcf2-d9c5c21d00f9	20	472817	63588502	37516	-0.0009
8dd570dd-2a44-4d3d-bcf2-d9c5c21d00f9	21	13974127	46262057	20561	-0.0025
8dd570dd-2a44-4d3d-bcf2-d9c5c21d00f9	22	16934932	31381621	5794	-0.0031
8dd570dd-2a44-4d3d-bcf2-d9c5c21d00f9	22	31382595	31384583	2	-1.4397
8dd570dd-2a44-4d3d-bcf2-d9c5c21d00f9	22	31388932	48940621	11270	-0.0013
8dd570dd-2a44-4d3d-bcf2-d9c5c21d00f9	X	3236359	155677414	63397	0.0049
